,episode,test_success_ratio,epsilon,time,train_score,train_mean_steps,test_score,test_mean_steps
0,5,0.277825,0.9947368421052629,178.96541738510132,,,0.25,5556.5
1,10,0.99995,0.9894736842105258,363.5743451118469,15.2,18273.4,9.75,19999.0
2,15,0.3356875,0.9842105263157888,520.4943726062775,14.5,16628.7,0.5,6713.75
3,20,0.2101875,0.9789473684210517,660.8414740562439,13.0,15435.4,0.25,4203.75
4,25,0.2259125,0.9736842105263146,845.0045120716095,12.1,16455.2,0.0,4518.25
5,30,0.3101,0.9684210526315775,1029.895548582077,14.2,17902.7,0.5,6202.0
6,35,0.3360125,0.9631578947368404,1199.6653661727905,14.4,16911.6,0.5,6720.25
7,40,0.3255125,0.9578947368421034,1360.2363905906677,13.8,16272.4,0.5,6510.25
8,45,0.316325,0.9526315789473663,1493.8472623825073,11.6,14289.0,0.75,6326.5
9,50,0.3399875,0.9473684210526292,1666.8073210716248,10.6,14917.9,0.5,6799.75
10,55,0.99995,0.9421052631578921,1867.759438753128,12.0,16736.8,13.5,19999.0
11,60,0.443475,0.936842105263155,2054.6913363933563,14.0,17381.7,0.0,8869.5
12,65,0.2924125,0.931578947368418,2234.1086485385895,14.9,18135.7,0.5,5848.25
13,70,0.2653875,0.9263157894736809,2405.4655046463013,13.4,17546.7,0.25,5307.75
14,75,0.2997,0.9210526315789438,2602.0257585048676,15.2,18446.9,0.25,5994.0
15,80,0.99995,0.9157894736842067,2821.5605053901672,17.0,19089.4,18.75,19999.0
16,85,0.331375,0.9105263157894696,2992.773090362549,15.0,17663.5,0.5,6627.5
17,90,0.316725,0.9052631578947326,3154.6731355190277,13.4,16401.2,0.5,6334.5
18,95,0.79885,0.8999999999999955,3332.85573387146,12.3,15430.2,11.25,15977.0
19,100,0.4225125,0.8947368421052584,3538.427178144455,14.3,17476.8,1.0,8450.25
20,105,0.3173,0.8894736842105213,3704.017602920532,16.3,18126.0,0.5,6346.0
21,110,0.2663125,0.8842105263157842,3885.0551347732544,15.1,17195.8,0.25,5326.25
22,115,0.99995,0.8789473684210471,4089.597921848297,13.6,17404.5,15.75,19999.0
23,120,0.374725,0.8736842105263101,4284.49901008606,14.5,17867.0,0.5,7494.5
24,125,0.3784,0.868421052631573,4427.74100279808,14.1,16271.7,0.75,7568.0
25,130,0.384625,0.8631578947368359,4621.344627380371,14.5,16140.1,0.75,7692.5
26,135,0.8169,0.8578947368420988,4824.459065437317,17.1,18119.1,11.25,16338.0
27,140,0.99995,0.8526315789473617,5020.676610469818,14.4,16590.3,16.5,19999.0
28,145,0.3890375,0.8473684210526247,5205.721867322922,13.9,16556.3,0.75,7780.75
29,150,0.2776,0.8421052631578876,5322.685676813126,12.2,14090.5,0.25,5552.0
30,155,0.3790875,0.8368421052631505,5517.84635925293,12.7,14854.0,0.75,7581.75
31,160,0.3730375,0.8315789473684134,5701.734087944031,15.1,18297.0,0.75,7460.75
32,165,0.3299,0.8263157894736763,5877.963162899017,14.4,17390.6,0.5,6598.0
33,170,0.32245,0.8210526315789393,6043.2069437503815,14.9,17141.3,0.5,6449.0
34,175,0.2173625,0.8157894736842022,6216.031624078751,14.5,17857.7,0.0,4347.25
35,180,0.327425,0.8105263157894651,6377.396500825882,13.2,17619.8,0.5,6548.5
36,185,0.4044375,0.805263157894728,6572.061949253082,15.3,18361.9,0.75,8088.75
37,190,0.99995,0.7999999999999909,6768.86616563797,16.3,18492.4,14.25,19999.0
38,195,0.268325,0.7947368421052539,6940.419933795929,13.4,17635.6,0.25,5366.5
39,200,0.328725,0.7894736842105168,7133.626535177231,15.7,19143.2,0.5,6574.5
40,205,0.257475,0.7842105263157797,7291.930803537369,14.8,18290.6,0.25,5149.5
41,210,0.2102625,0.7789473684210426,7440.709131479263,13.2,16127.4,0.0,4205.25
42,215,0.369525,0.7736842105263055,7607.323151111603,15.0,16270.9,0.75,7390.5
43,220,0.3968,0.7684210526315685,7800.405492544174,15.4,18434.1,0.75,7936.0
44,225,0.99995,0.7631578947368314,8002.388164520264,14.9,18712.3,13.5,19999.0
45,230,0.4071125,0.7578947368420943,8155.295809984207,12.8,16263.3,0.75,8142.25
46,235,0.8675125,0.7526315789473572,8352.137056827545,13.7,16328.4,14.5,17350.25
47,240,0.3495875,0.7473684210526201,8500.14102602005,13.7,16216.6,0.75,6991.75
48,245,0.389625,0.742105263157883,8692.78583407402,13.2,17336.8,0.75,7792.5
49,250,0.3968125,0.736842105263146,8873.183130025864,13.6,18951.7,0.75,7936.25
50,255,0.3535875,0.7315789473684089,9015.825735330582,10.7,16166.1,0.5,7071.75
51,260,0.2930375,0.7263157894736718,9181.62005853653,12.7,15670.1,0.25,5860.75
52,265,0.8338,0.7210526315789347,9375.504710912704,16.4,17269.6,15.75,16676.0
53,270,0.2864375,0.7157894736841977,9566.155057907104,17.5,18704.1,0.25,5728.75
54,275,0.3126375,0.7105263157894606,9724.862249135971,15.9,18118.9,0.5,6252.75
55,280,0.99995,0.7052631578947235,9932.40924668312,14.8,17193.7,14.0,19999.0
56,285,0.2976,0.6999999999999864,10098.37869310379,15.6,17649.6,0.25,5952.0
57,290,0.8310375,0.6947368421052493,10283.24166226387,13.9,16828.1,12.25,16620.75
58,295,0.99995,0.6894736842105122,10466.09405207634,12.7,15984.5,14.5,19999.0
59,300,0.268325,0.6842105263157752,10637.762508153915,13.8,16746.3,0.25,5366.5
60,305,0.329375,0.6789473684210381,10813.56967139244,14.3,18037.8,0.5,6587.5
61,310,0.99995,0.673684210526301,11011.056630849838,14.6,17452.8,20.5,19999.0
62,315,0.99995,0.6684210526315639,11179.358511924744,11.7,15291.1,16.25,19999.0
63,320,0.3498375,0.6631578947368268,11341.379569530487,9.7,14163.0,0.5,6996.75
64,325,0.3204375,0.6578947368420898,11508.57443022728,11.9,15903.0,0.5,6408.75
65,330,0.30055,0.6526315789473527,11632.464965105057,10.0,14724.5,0.5,6011.0
66,335,0.99995,0.6473684210526156,11843.908628225327,11.5,15407.2,14.0,19999.0
67,340,0.370625,0.6421052631578785,12004.69165444374,13.7,17422.4,0.5,7412.5
68,345,0.32035,0.6368421052631414,12150.123433828354,14.1,15503.2,0.5,6407.0
69,350,0.99995,0.6315789473684044,12363.04823231697,15.8,16744.4,13.75,19999.0
70,355,0.2757125,0.6263157894736673,12529.120050907135,15.5,17957.6,0.25,5514.25
71,360,0.3071625,0.6210526315789302,12691.513214588165,13.7,16959.3,0.5,6143.25
72,365,0.419275,0.6157894736841931,12809.98790025711,10.1,13978.0,1.0,8385.5
73,370,0.3200875,0.610526315789456,12926.841784238815,7.7,11355.6,0.5,6401.75
74,375,0.3923,0.605263157894719,13114.031684160233,11.4,15215.2,0.75,7846.0
75,380,0.2724125,0.5999999999999819,13288.668658018112,13.7,18686.6,0.25,5448.25
76,385,0.3398375,0.5947368421052448,13412.811301231384,11.0,15284.2,0.5,6796.75
77,390,0.25795,0.5894736842105077,13553.935563325882,10.2,13302.4,0.25,5159.0
78,395,0.3913625,0.5842105263157706,13728.42624759674,11.1,16000.0,0.75,7827.25
79,400,0.3621625,0.5789473684210336,13846.193274497986,9.0,14475.7,0.75,7243.25
80,405,0.312825,0.5736842105262965,14017.82607460022,10.1,14496.9,0.5,6256.5
81,410,0.3556375,0.5684210526315594,14151.012371063232,10.9,15289.6,0.75,7112.75
82,415,0.2119625,0.5631578947368223,14249.62023806572,7.6,11402.6,0.0,4239.25
83,420,0.293775,0.5578947368420852,14396.894979000092,9.4,12299.8,0.25,5875.5
84,425,0.3742375,0.5526315789473482,14570.941621303558,12.3,16153.1,1.75,7484.75
85,430,0.4307,0.5473684210526111,14718.127334356308,11.5,15891.5,1.0,8614.0
86,435,0.99995,0.542105263157874,14890.483370065689,11.4,14165.0,12.0,19999.0
87,440,0.3710625,0.5368421052631369,15063.033567667007,13.3,15725.3,0.75,7421.25
88,445,0.344775,0.5315789473683998,15243.664331912994,16.1,17906.6,0.5,6895.5
89,450,0.2580125,0.5263157894736628,15406.714062452316,15.7,17663.8,0.25,5160.25
90,455,0.4045,0.5210526315789257,15543.517926931381,10.7,15032.9,1.0,8090.0
91,460,0.293175,0.5157894736841886,15700.311264753342,9.3,14584.8,0.5,5863.5
92,465,0.3709625,0.5105263157894515,15844.610716581345,10.1,15096.1,0.75,7419.25
93,470,0.3223125,0.5052631578947144,15999.13996720314,11.7,14872.1,0.5,6446.25
94,475,0.362675,0.4999999999999774,16161.921786546707,12.1,15913.8,0.5,7253.5
95,480,0.3005,0.4947368421052406,16262.968104362488,8.7,12970.7,0.5,6010.0
96,485,0.27135,0.4894736842105038,16407.909955501556,9.1,12255.9,0.25,5427.0
97,490,0.99995,0.484210526315767,16592.93780899048,12.2,15116.5,14.75,19999.0
98,495,0.218925,0.4789473684210302,16717.578058242798,11.4,14058.3,0.0,4378.5
99,500,0.99995,0.4736842105262934,16923.17570209503,12.6,15150.2,15.0,19999.0
100,505,0.849,0.4684210526315566,17134.5026576519,13.7,18381.8,14.0,16980.0
101,510,0.352425,0.4631578947368198,17301.09671998024,13.2,17920.0,0.5,7048.5
102,515,0.316925,0.457894736842083,17421.139065027237,10.7,13938.5,0.5,6338.5
103,520,0.99995,0.4526315789473462,17601.2486743927,9.5,12888.1,16.0,19999.0
104,525,0.326425,0.4473684210526094,17773.97549843788,14.2,16010.2,0.5,6528.5
105,530,0.99995,0.4421052631578726,17956.65928888321,15.4,16343.2,9.75,19999.0
106,535,0.99995,0.43684210526313577,18136.08841896057,12.3,14929.2,16.5,19999.0
107,540,0.4680875,0.43157894736839897,18273.509360790253,9.8,13742.5,1.0,9361.75
108,545,0.3426875,0.42631578947366217,18443.598728895187,10.1,14966.5,0.75,6853.75
109,550,0.8980625,0.42105263157892536,18602.227323055267,10.1,14995.5,13.75,17961.25
110,555,0.2679,0.41578947368418856,18775.666330575943,11.2,15343.4,0.25,5358.0
111,560,0.216775,0.41052631578945176,18958.256323575974,14.5,18397.9,0.0,4335.5
112,565,0.292375,0.40526315789471495,19116.37240409851,15.3,17503.6,0.25,5847.5
113,570,0.99995,0.39999999999997815,19302.064116477966,14.5,15730.3,15.0,19999.0
114,575,0.99995,0.39473684210524135,19475.311853647232,13.4,14666.0,15.0,19999.0
115,580,0.3202,0.38947368421050454,19636.186233997345,11.9,14963.2,0.5,6404.0
116,585,0.3082625,0.38421052631576774,19782.60927581787,11.4,15214.5,0.5,6165.25
117,590,0.2840375,0.37894736842103094,19957.533527374268,13.0,16094.5,0.5,5680.75
118,595,0.3792,0.37368421052629414,20116.874149799347,12.8,16686.7,0.75,7584.0
119,600,0.3358125,0.36842105263155733,20296.993040323257,13.0,16764.8,0.5,6716.25
120,605,0.3815125,0.36315789473682053,20423.712170362473,11.2,15037.0,0.75,7630.25
121,610,0.2710375,0.3578947368420837,20550.393538713455,7.6,12270.0,0.25,5420.75
122,615,0.7226875,0.3526315789473469,20731.909423589706,7.7,14393.9,11.0,14453.75
123,620,0.3555375,0.3473684210526101,20855.055038928986,7.7,14019.2,0.5,7110.75
124,625,0.3284125,0.3421052631578733,20960.683967351913,7.2,10830.1,0.75,6568.25
125,630,0.281575,0.3368421052631365,21099.792056322098,7.8,11852.7,0.25,5631.5
126,635,0.3613375,0.3315789473683997,21235.703958511353,9.8,13350.6,0.75,7226.75
127,640,0.325375,0.3263157894736629,21419.113000154495,13.5,15650.6,0.5,6507.5
128,645,0.42125,0.3210526315789261,21611.15313386917,17.4,18584.0,1.0,8425.0
129,650,0.276575,0.3157894736841893,21774.35796904564,14.7,17589.0,0.25,5531.5
130,655,0.99995,0.3105263157894525,21953.46691417694,12.8,15398.5,15.5,19999.0
131,660,0.3706625,0.3052631578947157,22138.007977485657,13.4,16351.1,0.75,7413.25
132,665,0.335975,0.2999999999999789,22304.266850709915,12.7,17336.7,0.5,6719.5
133,670,0.2942,0.2947368421052421,22420.268841981888,10.4,13698.9,0.25,5884.0
134,675,0.38275,0.2894736842105053,22616.64507460594,11.4,15214.0,0.75,7655.0
135,680,0.4390375,0.2842105263157685,22773.087800979614,13.5,17200.8,0.0,8780.75
136,685,0.801975,0.2789473684210317,22942.36590528488,10.6,14652.5,12.0,16039.5
137,690,0.3146125,0.2736842105262949,23097.08222079277,9.7,14725.4,0.5,6292.25
138,695,0.35915,0.2684210526315581,23210.761952638626,7.2,12813.6,0.75,7183.0
139,700,0.2731375,0.2631578947368213,23381.794697523117,8.4,13843.5,0.25,5462.75
140,705,0.280275,0.25789473684208447,23512.936750411987,9.2,15161.0,0.25,5605.5
141,710,0.99995,0.25263157894734767,23746.031721830368,10.1,16570.9,13.75,19999.0
142,715,0.3243375,0.24736842105261087,23882.34088397026,12.4,16597.9,0.5,6486.75
143,720,0.2691875,0.24210526315787406,24076.059081554413,13.8,16411.2,0.25,5383.75
144,725,0.3232875,0.23684210526313726,24249.638652801514,15.3,18406.6,0.5,6465.75
145,730,0.99995,0.23157894736840046,24467.133608341217,13.7,17726.1,13.5,19999.0
146,735,0.79625,0.22631578947366365,24650.535774946213,12.7,17069.6,13.25,15925.0
147,740,0.3621875,0.22105263157892685,24812.65080857277,12.6,15776.4,0.75,7243.75
148,745,0.33115,0.21578947368419005,24965.23566007614,12.8,15243.1,0.5,6623.0
149,750,0.3676625,0.21052631578945324,25094.48483490944,10.8,13463.7,0.75,7353.25
150,755,0.4423625,0.20526315789471644,25300.17810845375,13.8,16060.2,1.0,8847.25
151,760,0.99995,0.19999999999997964,25519.03833436966,16.5,19366.6,14.75,19999.0
152,765,0.3551875,0.19473684210524284,25642.387544631958,11.8,15085.0,0.75,7103.75
153,770,0.4261875,0.18947368421050603,25794.58952641487,10.2,12885.7,1.0,8523.75
154,775,0.99995,0.18421052631576923,26011.573459148407,13.2,16303.4,15.5,19999.0
155,780,0.99995,0.17894736842103243,26199.576686382294,13.4,16720.5,15.5,19999.0
156,785,0.263825,0.17368421052629562,26360.010461568832,12.7,15572.1,0.25,5276.5
157,790,0.3775375,0.16842105263155882,26492.594490766525,12.2,14188.4,0.75,7550.75
158,795,0.3557375,0.16315789473682202,26686.556713819504,12.6,15791.0,0.75,7114.75
159,800,0.3001375,0.15789473684208521,26832.39548587799,12.9,16683.7,0.5,6002.75
160,805,0.3155125,0.1526315789473484,27006.89066505432,11.8,15697.2,0.5,6310.25
161,810,0.99995,0.1473684210526116,27176.66716313362,10.2,15282.9,16.25,19999.0
162,815,0.2696375,0.1421052631578748,27366.837677001953,12.8,16216.2,0.25,5392.75
163,820,0.3828625,0.136842105263138,27567.551350831985,16.5,19348.1,0.75,7657.25
164,825,0.435125,0.1315789473684012,27720.237285614014,14.0,16966.7,1.0,8702.5
165,830,0.2916375,0.1263157894736644,27866.20645904541,10.9,14263.2,0.25,5832.75
166,835,0.8796375,0.12105263157892754,28082.28376340866,11.4,16398.9,13.25,17592.75
167,840,0.3849625,0.11578947368419067,28255.315768003464,12.0,17361.2,0.75,7699.25
168,845,0.344625,0.1105263157894538,28394.63339972496,9.3,14620.8,0.5,6892.5
169,850,0.99995,0.10526315789471692,28545.04866695404,7.6,12061.6,20.0,19999.0
170,855,0.34035,0.09999999999998005,28715.102304697037,9.2,13764.6,0.5,6807.0
171,860,0.452675,0.09473684210524318,28883.597163677216,11.2,16117.8,1.0,9053.5
172,865,0.3734625,0.0894736842105063,29048.217308282852,11.1,15801.3,0.75,7469.25
173,870,0.3888125,0.08421052631576943,29183.50843024254,9.2,14282.0,0.75,7776.25
174,875,0.3831875,0.07894736842103256,29344.217293977737,8.8,14001.4,0.75,7663.75
175,880,0.8133625,0.07368421052629569,29517.428181886673,9.3,14835.0,10.75,16267.25
176,885,0.3404125,0.06842105263155882,29626.653154611588,8.1,12150.7,0.5,6808.25
177,890,0.3559,0.06315789473682194,29803.223158359528,10.0,13335.5,0.75,7118.0
178,895,0.37785,0.057894736842085105,29952.41110086441,11.9,15358.7,0.75,7557.0
179,900,0.4379125,0.05263157894734827,30116.72413635254,11.1,14703.8,1.0,8758.25
180,905,0.99995,0.04736842105261143,30277.715047359467,8.9,13748.2,16.75,19999.0
181,910,0.3776625,0.04210526315787459,30409.79119873047,6.8,12134.3,0.75,7553.25
182,915,0.6760375,0.036842105263137755,30589.26900434494,9.9,13837.2,5.5,13520.75
183,920,0.7988875,0.03157894736840092,30736.674087285995,10.1,13567.3,9.25,15977.75
184,925,0.99995,0.02631578947366408,30947.265017271042,11.0,14505.5,16.25,19999.0
185,930,0.29355,0.02105263157892724,31073.357291460037,10.9,14653.6,0.25,5871.0
186,935,0.4196125,0.015789473684190404,31185.019394874573,6.8,10869.4,1.0,8392.25
187,940,0.99995,0.010526315789453566,31336.813988924026,7.2,10433.4,16.0,19999.0
188,945,0.2200625,0.01,31533.745774269104,11.2,15334.7,0.0,4401.25
189,950,0.3904875,0.01,31659.97994375229,11.5,15565.8,0.75,7809.75
190,955,0.37595,0.01,31773.585000514984,7.9,10886.1,0.5,7519.0
191,960,0.9170875,0.01,31876.72786784172,4.2,8330.9,9.25,18341.75
192,965,0.2553375,0.01,32015.579946279526,6.1,9922.8,0.25,5106.75
193,970,0.3404875,0.01,32202.21885728836,12.6,15764.3,0.5,6809.75
194,975,0.34335,0.01,32324.520926713943,10.1,14712.7,0.5,6867.0
195,980,0.99995,0.01,32448.129001140594,5.2,9660.2,14.75,19999.0
196,985,0.3148125,0.01,32535.203914403915,4.9,7813.8,0.25,6296.25
197,990,0.9710375,0.01,32703.41198849678,5.4,10209.2,13.25,19420.75
198,995,0.3072125,0.01,32865.10895562172,8.4,14281.8,0.5,6144.25
199,1000,0.99995,0.01,33054.638811826706,11.7,15475.9,15.0,19999.0
