,episode,test_success_ratio,epsilon,time,train_score,train_mean_steps,test_score,test_mean_steps
0,10,0.208,0.9959183673469387,222.34599995613098,13.7,16448.5,0.0,4160.0
1,20,0.99995,0.9918367346938775,421.8945002555847,11.2,14515.2,8.333333333333334,19999.0
2,30,0.47765,0.9877551020408162,636.6195006370544,14.3,17514.1,0.0,9553.0
3,40,0.19501666666666667,0.9836734693877549,822.7520003318787,13.0,16148.4,0.0,3900.3333333333335
4,50,0.22096666666666664,0.9795918367346936,1020.8639981746674,13.1,17176.6,0.0,4419.333333333333
5,60,0.27215,0.9755102040816324,1231.8229999542236,15.5,18214.5,1.6666666666666667,5443.0
6,70,0.99995,0.9714285714285711,1455.5750002861023,14.7,17943.7,7.666666666666667,19999.0
7,80,0.20661666666666664,0.9673469387755098,1644.3740005493164,12.5,16398.7,0.0,4132.333333333333
8,90,0.99995,0.9632653061224485,1849.3689999580383,14.0,16203.7,27.333333333333332,19999.0
9,100,0.21503333333333335,0.9591836734693873,2048.1139991283417,15.3,17213.7,0.0,4300.666666666667
10,110,0.99995,0.955102040816326,2257.7195024490356,14.8,16597.2,18.666666666666668,19999.0
11,120,0.42175,0.9510204081632647,2421.1325023174286,9.8,13699.4,1.0,8435.0
12,130,0.4746833333333333,0.9469387755102034,2631.4570009708405,11.4,17843.4,1.3333333333333333,9493.666666666666
13,140,0.3282,0.9428571428571422,2808.089499950409,10.3,15049.0,0.6666666666666666,6564.0
14,150,0.20018333333333332,0.9387755102040809,2982.68349981308,10.5,15039.0,0.3333333333333333,4003.6666666666665
15,160,0.4338666666666667,0.9346938775510196,3178.7529997825623,12.2,16525.1,1.0,8677.333333333334
16,170,0.99995,0.9306122448979584,3410.5820004940033,14.6,18597.0,7.333333333333333,19999.0
17,180,0.2515833333333333,0.9265306122448971,3620.3650012016296,15.4,18066.5,0.0,5031.666666666667
18,190,0.7912333333333333,0.9224489795918358,3815.3059997558594,11.6,15680.8,22.666666666666668,15824.666666666666
19,200,0.21436666666666665,0.9183673469387745,4024.1830003261566,16.1,17956.3,0.0,4287.333333333333
20,210,0.27553333333333335,0.9142857142857133,4205.523002147675,11.4,15554.1,2.3333333333333335,5510.666666666667
21,220,0.26133333333333336,0.910204081632652,4435.351500749588,16.5,19728.9,0.3333333333333333,5226.666666666667
22,230,0.99995,0.9061224489795907,4655.000000715256,13.0,17293.0,13.666666666666666,19999.0
23,240,0.99995,0.9020408163265294,4859.568001508713,12.0,16091.8,24.333333333333332,19999.0
24,250,0.99995,0.8979591836734682,5066.534999370575,11.1,16257.9,26.333333333333332,19999.0
25,260,0.8686333333333334,0.8938775510204069,5262.775499820709,11.7,14288.5,14.333333333333334,17372.666666666668
26,270,0.3039833333333333,0.8897959183673456,5454.2359981536865,13.6,16887.4,2.3333333333333335,6079.666666666667
27,280,0.39385,0.8857142857142843,5658.6939997673035,14.9,17905.2,1.0,7877.0
28,290,0.38621666666666665,0.8816326530612231,5825.094500541687,11.7,14420.8,0.6666666666666666,7724.333333333333
29,300,0.3996,0.8775510204081618,6028.93900179863,16.9,17845.6,1.0,7992.0
30,310,0.28048333333333336,0.8734693877551005,6188.467000484467,10.6,13883.0,0.3333333333333333,5609.666666666667
31,320,0.35741666666666666,0.8693877551020393,6384.666001319885,12.6,17282.7,0.6666666666666666,7148.333333333333
32,330,0.99995,0.865306122448978,6608.759000301361,14.8,18422.6,14.0,19999.0
33,340,0.9192333333333333,0.8612244897959167,6743.087500333786,4.9,10533.0,11.333333333333334,18384.666666666668
34,350,0.33425,0.8571428571428554,6931.726999998093,11.9,16520.5,0.6666666666666666,6685.0
35,360,0.26305,0.8530612244897942,7119.370001077652,13.5,16518.0,0.3333333333333333,5261.0
36,370,0.7425833333333333,0.8489795918367329,7307.81450009346,11.8,15655.0,9.666666666666666,14851.666666666666
37,380,0.99995,0.8448979591836716,7496.497001647949,12.6,15151.5,17.666666666666668,19999.0
38,390,0.22268333333333334,0.8408163265306103,7691.3735065460205,12.6,16830.8,0.0,4453.666666666667
39,400,0.4202666666666667,0.8367346938775491,7862.496500492096,9.2,12608.1,1.0,8405.333333333334
40,410,0.99995,0.8326530612244878,8092.719001054764,12.5,16389.4,14.0,19999.0
41,420,0.23066666666666666,0.8285714285714265,8309.39950299263,15.0,16507.5,0.0,4613.333333333333
42,430,0.22251666666666664,0.8244897959183652,8529.225000619888,13.9,16772.0,0.0,4450.333333333333
43,440,0.37685,0.820408163265304,8745.235499858856,11.6,16174.4,0.6666666666666666,7537.0
44,450,0.29941666666666666,0.8163265306122427,8975.151000976562,15.1,17503.4,0.3333333333333333,5988.333333333333
45,460,0.20941666666666664,0.8122448979591814,9192.264500379562,12.6,16747.4,0.0,4188.333333333333
46,470,0.5392666666666667,0.8081632653061201,9332.33800125122,6.5,10264.6,0.3333333333333333,10785.333333333334
47,480,0.99995,0.8040816326530589,9538.005001306534,12.4,14290.3,13.333333333333334,19999.0
48,490,0.30968333333333337,0.7999999999999976,9777.164000749588,14.7,18187.9,0.3333333333333333,6193.666666666667
49,500,0.21371666666666664,0.7959183673469363,9985.10700058937,11.5,15757.4,0.6666666666666666,4274.333333333333
50,510,0.21516666666666664,0.791836734693875,10175.29600071907,8.8,14460.9,1.3333333333333333,4303.333333333333
51,520,0.99995,0.7877551020408138,10428.738500118256,17.3,17749.3,17.666666666666668,19999.0
52,530,0.3223,0.7836734693877525,10653.623500823975,11.9,16852.1,0.6666666666666666,6446.0
53,540,0.99995,0.7795918367346912,10868.798000574112,10.8,14852.9,11.666666666666666,19999.0
54,550,0.3752,0.77551020408163,11086.796000480652,12.1,16356.0,0.6666666666666666,7504.0
55,560,0.4540833333333333,0.7714285714285687,11297.883500814438,12.6,15718.7,1.0,9081.666666666666
56,570,0.30421666666666664,0.7673469387755074,11535.909499883652,12.6,18103.1,0.3333333333333333,6084.333333333333
57,580,0.7274666666666667,0.7632653061224461,11780.583000659943,13.4,17781.3,9.666666666666666,14549.333333333334
58,590,0.3753666666666666,0.7591836734693849,12042.092000484467,16.5,19652.6,0.6666666666666666,7507.333333333333
59,600,0.99995,0.7551020408163236,12260.48050069809,11.7,15149.7,17.333333333333332,19999.0
60,610,0.3191,0.7510204081632623,12496.629499673843,13.7,17818.1,0.6666666666666666,6382.0
61,620,0.4212666666666667,0.746938775510201,12734.29050040245,15.4,17766.1,1.0,8425.333333333334
62,630,0.28535,0.7428571428571398,12953.844500780106,13.6,16618.9,0.3333333333333333,5707.0
63,640,0.31725,0.7387755102040785,13202.964500188828,15.3,18782.2,0.3333333333333333,6345.0
64,650,0.37168333333333337,0.7346938775510172,13443.536000728607,14.8,18142.4,0.6666666666666666,7433.666666666667
65,660,0.99995,0.730612244897956,13654.41650056839,10.4,14705.8,7.666666666666667,19999.0
66,670,0.33485,0.7265306122448947,13838.685000419617,11.2,13850.2,2.6666666666666665,6697.0
67,680,0.99995,0.7224489795918334,14039.766500473022,11.1,13831.3,6.0,19999.0
68,690,0.21191666666666664,0.7183673469387721,14265.542501211166,10.4,17146.3,0.0,4238.333333333333
69,700,0.5204,0.7142857142857109,14473.276999950409,10.6,15085.4,2.6666666666666665,10408.0
70,710,0.40041666666666664,0.7102040816326496,14670.888001680374,11.1,14505.2,1.0,8008.333333333333
71,720,0.99995,0.7061224489795883,14898.019000530243,9.7,15568.7,13.333333333333334,19999.0
72,730,0.24365,0.702040816326527,15089.75900053978,11.8,14395.2,0.0,4873.0
73,740,0.99995,0.6979591836734658,15326.717999696732,13.7,16429.6,27.333333333333332,19999.0
74,750,0.41988333333333333,0.6938775510204045,15539.458501338959,12.7,15562.7,1.0,8397.666666666666
75,760,0.36885,0.6897959183673432,15741.959500312805,7.7,15240.4,0.6666666666666666,7377.0
76,770,0.23126666666666665,0.685714285714282,15944.237003803253,13.1,15265.5,1.0,4625.333333333333
77,780,0.24465,0.6816326530612207,16172.866500377655,15.7,17144.1,0.0,4893.0
78,790,0.5869666666666667,0.6775510204081594,16385.016000509262,12.7,15193.7,2.0,11739.333333333334
79,800,0.20088333333333333,0.6734693877550981,16607.18449997902,14.5,16719.6,0.0,4017.6666666666665
80,810,0.99995,0.6693877551020369,16872.402500867844,17.1,18683.7,15.666666666666666,19999.0
81,820,0.99995,0.6653061224489756,17085.094001293182,11.8,14687.0,12.0,19999.0
82,830,0.23705,0.6612244897959143,17323.39300084114,16.5,18002.4,0.3333333333333333,4741.0
83,840,0.784,0.657142857142853,17527.82100057602,11.6,14185.4,15.666666666666666,15680.0
84,850,0.41385,0.6530612244897918,17713.17000102997,10.8,13604.4,1.0,8277.0
85,860,0.30151666666666666,0.6489795918367305,17944.491000175476,13.8,17292.2,0.3333333333333333,6030.333333333333
86,870,0.41845,0.6448979591836692,18116.839004278183,8.7,12720.2,1.0,8369.0
87,880,0.27906666666666663,0.6408163265306079,18293.25200033188,8.7,13116.0,0.3333333333333333,5581.333333333333
88,890,0.5333333333333333,0.6367346938775467,18528.343501329422,12.3,17131.2,4.333333333333333,10666.666666666666
89,900,0.33241666666666664,0.6326530612244854,18735.41050028801,12.4,15400.5,2.3333333333333335,6648.333333333333
90,910,0.99995,0.6285714285714241,18952.87850046158,11.2,15035.0,14.666666666666666,19999.0
91,920,0.23011666666666666,0.6244897959183628,19179.305500507355,11.3,17040.1,0.6666666666666666,4602.333333333333
92,930,0.7017333333333333,0.6204081632653016,19393.310000896454,12.5,15220.9,18.333333333333332,14034.666666666666
93,940,0.26581666666666665,0.6163265306122403,19623.14400076866,13.0,16598.2,0.3333333333333333,5316.333333333333
94,950,0.20875,0.612244897959179,19848.98400068283,14.3,16903.2,0.0,4175.0
95,960,0.32621666666666665,0.6081632653061178,20039.05100083351,8.9,13944.8,0.3333333333333333,6524.333333333333
96,970,0.99995,0.6040816326530565,20237.125500440598,11.0,13353.2,23.0,19999.0
97,980,0.36533333333333334,0.5999999999999952,20449.625000953674,12.8,15635.7,0.6666666666666666,7306.666666666667
98,990,0.99995,0.5959183673469339,20732.62700033188,16.3,19848.0,17.0,19999.0
99,1000,0.3052,0.5918367346938727,20922.72950077057,10.3,13913.6,0.3333333333333333,6104.0
100,1010,0.30045,0.5877551020408114,21122.55649971962,10.2,14609.4,0.3333333333333333,6009.0
101,1020,0.90355,0.5836734693877501,21346.737500667572,11.8,15389.1,16.666666666666668,18071.0
102,1030,0.4231,0.5795918367346888,21595.397000074387,16.1,18153.3,1.0,8462.0
103,1040,0.3589833333333333,0.5755102040816276,21790.096501111984,10.3,14191.9,0.6666666666666666,7179.666666666667
104,1050,0.99995,0.5714285714285663,22005.870000600815,11.7,14607.4,12.0,19999.0
105,1060,0.35786666666666667,0.567346938775505,22209.25099992752,11.4,14872.1,0.6666666666666666,7157.333333333333
106,1070,0.27271666666666666,0.5632653061224437,22395.478000879288,10.4,13708.7,1.6666666666666667,5454.333333333333
107,1080,0.2646833333333333,0.5591836734693825,22603.22700738907,13.7,15452.5,1.3333333333333333,5293.666666666667
108,1090,0.99995,0.5551020408163212,22847.444500923157,14.6,16968.8,18.0,19999.0
109,1100,0.35446666666666665,0.5510204081632599,23065.44850230217,15.0,15970.5,0.6666666666666666,7089.333333333333
110,1110,0.21613333333333334,0.5469387755101986,23299.38450050354,14.4,17474.8,0.0,4322.666666666667
111,1120,0.39236666666666664,0.5428571428571374,23563.883001089096,16.2,19436.3,0.6666666666666666,7847.333333333333
112,1130,0.23601666666666665,0.5387755102040761,23770.10700058937,11.3,15415.1,0.0,4720.333333333333
113,1140,0.22065,0.5346938775510148,23963.92850089073,11.5,14415.8,0.0,4413.0
114,1150,0.4482,0.5306122448979536,24187.51900076866,12.8,16200.7,1.0,8964.0
115,1160,0.2852166666666667,0.5265306122448923,24375.899500131607,10.0,13929.3,0.3333333333333333,5704.333333333333
116,1170,0.2876666666666666,0.522448979591831,24583.40000128746,9.7,15367.6,0.3333333333333333,5753.333333333333
117,1180,0.22911666666666666,0.5183673469387697,24832.3315012455,14.1,18157.6,0.0,4582.333333333333
118,1190,0.23948333333333335,0.5142857142857085,25084.641507148743,17.1,18866.5,0.0,4789.666666666667
119,1200,0.5265166666666667,0.5102040816326472,25299.41350030899,12.3,15704.5,0.3333333333333333,10530.333333333334
120,1210,0.4877666666666667,0.5061224489795859,25504.978500127792,9.9,14742.6,1.3333333333333333,9755.333333333334
121,1220,0.4223,0.5020408163265246,25715.243500232697,12.7,15347.1,1.0,8446.0
122,1230,0.99995,0.49795918367346337,25931.15349984169,11.8,14706.9,11.666666666666666,19999.0
123,1240,0.32863333333333333,0.4938775510204021,26177.621000289917,17.4,18260.8,0.6666666666666666,6572.666666666667
124,1250,0.23795,0.4897959183673408,26378.536001205444,13.0,14855.5,0.0,4759.0
125,1260,0.2835,0.48571428571427955,26595.389001131058,14.2,15903.7,0.3333333333333333,5670.0
126,1270,0.99995,0.4816326530612183,26802.70900130272,9.7,13858.1,16.333333333333332,19999.0
127,1280,0.8950166666666666,0.477551020408157,27050.40400004387,14.1,17103.3,11.666666666666666,17900.333333333332
128,1290,0.24656666666666666,0.4734693877550957,27296.768000602722,15.8,18158.0,0.0,4931.333333333333
129,1300,0.3864,0.46938775510203445,27505.339500665665,10.9,15127.5,0.6666666666666666,7728.0
130,1310,0.32975,0.4653061224489732,27725.730999708176,14.5,15967.4,0.6666666666666666,6595.0
131,1320,0.99995,0.4612244897959119,27948.19150018692,11.1,14913.7,20.666666666666668,19999.0
132,1330,0.99995,0.45714285714285063,28173.618500471115,12.6,15155.8,8.0,19999.0
133,1340,0.5706,0.45306122448978936,28369.834000349045,10.8,13824.2,7.333333333333333,11412.0
134,1350,0.2477,0.4489795918367281,28556.745500564575,11.4,13872.5,0.0,4954.0
135,1360,0.99995,0.4448979591836668,28796.322001457214,14.1,16150.9,17.333333333333332,19999.0
136,1370,0.34725,0.44081632653060554,29016.320001125336,15.0,15996.5,0.6666666666666666,6945.0
137,1380,0.99995,0.43673469387754427,29276.609499931335,15.4,17987.6,8.666666666666666,19999.0
138,1390,0.20556666666666665,0.432653061224483,29462.700001001358,10.6,13588.6,0.0,4111.333333333333
139,1400,0.3881,0.4285714285714217,29704.39999961853,15.5,17501.6,3.3333333333333335,7762.0
140,1410,0.23918333333333336,0.42448979591836045,29881.110500574112,12.2,14593.5,0.6666666666666666,4783.666666666667
141,1420,0.29473333333333335,0.4204081632652992,30092.477999925613,13.3,17665.1,0.6666666666666666,5894.666666666667
142,1430,0.4795,0.4163265306122379,30296.309998512268,15.0,16903.3,0.0,9590.0
143,1440,0.99995,0.4122448979591766,30543.465500831604,17.3,19474.7,4.333333333333333,19999.0
144,1450,0.99995,0.40816326530611535,30743.10950255394,13.9,15375.9,13.666666666666666,19999.0
145,1460,0.43603333333333333,0.4040816326530541,30941.69400048256,14.8,16360.7,1.0,8720.666666666666
146,1470,0.51175,0.3999999999999928,31128.388000249863,10.8,15223.4,6.333333333333333,10235.0
147,1480,0.4462666666666667,0.39591836734693153,31335.33650135994,14.7,17086.6,1.0,8925.333333333334
148,1490,0.34908333333333336,0.39183673469387026,31551.779002189636,16.9,18105.0,0.6666666666666666,6981.666666666667
149,1500,0.4415333333333333,0.387755102040809,31773.690509080887,15.8,18256.0,1.0,8830.666666666666
150,1510,0.2102,0.3836734693877477,31935.70599937439,10.2,13529.2,0.0,4204.0
151,1520,0.20991666666666664,0.37959183673468644,32125.501000642776,14.0,15922.8,0.0,4198.333333333333
152,1530,0.9106333333333334,0.37551020408162517,32358.08349967003,16.5,18215.4,12.333333333333334,18212.666666666668
153,1540,0.19261666666666669,0.3714285714285639,32533.95999932289,8.4,14851.9,0.0,3852.3333333333335
154,1550,0.3352,0.3673469387755026,32719.274500131607,13.0,15313.7,0.6666666666666666,6704.0
155,1560,0.23696666666666666,0.36326530612244134,32880.56250047684,8.7,13410.2,0.0,4739.333333333333
156,1570,0.99995,0.35918367346938007,33088.233000040054,13.6,15955.1,18.666666666666668,19999.0
157,1580,0.36576666666666663,0.3551020408163188,33296.76149940491,15.9,17225.4,0.6666666666666666,7315.333333333333
158,1590,0.8159333333333333,0.3510204081632575,33497.07900047302,12.5,15648.3,12.666666666666666,16318.666666666666
159,1600,0.4145166666666667,0.34693877551019625,33688.28699970245,12.5,15634.7,1.0,8290.333333333334
160,1610,0.99995,0.342857142857135,33883.77850294113,11.1,14876.5,10.0,19999.0
161,1620,0.32908333333333334,0.3387755102040737,34025.1920003891,9.5,11502.1,0.6666666666666666,6581.666666666667
162,1630,0.99995,0.33469387755101243,34211.95900058746,11.6,14175.7,7.333333333333333,19999.0
163,1640,0.2284,0.33061224489795116,34437.88950037956,17.0,18959.5,0.0,4568.0
164,1650,0.23276666666666665,0.3265306122448899,34608.11200094223,10.6,14097.4,0.0,4655.333333333333
165,1660,0.2493,0.3224489795918286,34823.76949977875,14.8,17791.5,0.0,4986.0
166,1670,0.258,0.31836734693876734,35013.25149965286,13.5,15708.6,0.3333333333333333,5160.0
167,1680,0.3042,0.31428571428570606,35223.26949977875,15.9,17248.6,0.3333333333333333,6084.0
168,1690,0.99995,0.3102040816326448,35381.884999513626,9.9,11707.4,15.0,19999.0
169,1700,0.3395,0.3061224489795835,35594.57949972153,13.8,17464.0,3.6666666666666665,6790.0
170,1710,0.5097666666666667,0.30204081632652224,35789.19951415062,11.5,15580.2,9.0,10195.333333333334
171,1720,0.32333333333333336,0.29795918367346097,35988.24800014496,14.6,16456.0,0.6666666666666666,6466.666666666667
172,1730,0.99995,0.2938775510203997,36218.25000119209,16.6,17875.8,18.333333333333332,19999.0
173,1740,0.7854666666666666,0.2897959183673384,36423.120000362396,14.2,15856.8,16.0,15709.333333333334
174,1750,0.2801,0.28571428571427715,36614.7379989624,12.4,15875.1,0.3333333333333333,5602.0
175,1760,0.30913333333333337,0.2816326530612159,36817.59199953079,13.3,16779.3,0.6666666666666666,6182.666666666667
176,1770,0.37261666666666665,0.2775510204081546,37048.145000457764,14.7,19106.5,0.6666666666666666,7452.333333333333
177,1780,0.6608333333333333,0.27346938775509333,37253.14150118828,13.3,16376.8,8.0,13216.666666666666
178,1790,0.19378333333333334,0.26938775510203206,37425.681500434875,14.5,14370.6,0.0,3875.6666666666665
179,1800,0.35158333333333336,0.2653061224489708,37606.6345000267,13.6,14774.4,0.6666666666666666,7031.666666666667
180,1810,0.99995,0.2612244897959095,37791.8189997673,10.2,13856.9,17.333333333333332,19999.0
181,1820,0.30793333333333334,0.25714285714284824,37968.46749949455,11.6,14459.0,2.0,6158.666666666667
182,1830,0.8069333333333333,0.25306122448978696,38182.60000038147,13.0,16756.5,14.333333333333334,16138.666666666666
183,1840,0.68395,0.2489795918367257,38389.90900015831,13.4,16395.9,15.0,13679.0
184,1850,0.99995,0.24489795918366442,38595.020000457764,13.5,15793.5,5.0,19999.0
185,1860,0.26903333333333335,0.24081632653060314,38788.236000299454,12.9,15972.3,0.3333333333333333,5380.666666666667
186,1870,0.99995,0.23673469387754187,38981.14200115204,12.9,14580.6,17.666666666666668,19999.0
187,1880,0.4103833333333333,0.2326530612244806,39158.40600013733,11.4,14462.2,1.0,8207.666666666666
188,1890,0.99995,0.22857142857141932,39387.306500434875,13.4,17717.6,14.666666666666666,19999.0
189,1900,0.8238166666666666,0.22448979591835805,39600.553000211716,14.0,16597.4,11.333333333333334,16476.333333333332
190,1910,0.8049,0.22040816326529677,39768.763000011444,9.6,12899.3,12.333333333333334,16098.0
191,1920,0.99995,0.2163265306122355,39985.88900017738,13.2,16575.9,15.666666666666666,19999.0
192,1930,0.22518333333333335,0.21224489795917423,40175.23150038719,12.5,15671.5,1.6666666666666667,4503.666666666667
193,1940,0.3874666666666666,0.20816326530611295,40351.46700000763,10.9,14271.7,1.0,7749.333333333333
194,1950,0.34221666666666667,0.20408163265305168,40545.54250049591,11.9,15871.4,0.6666666666666666,6844.333333333333
195,1960,0.34536666666666666,0.1999999999999904,40755.13500070572,15.4,17266.7,0.6666666666666666,6907.333333333333
196,1970,0.3443,0.19591836734692913,40961.34550118446,14.8,16864.4,1.3333333333333333,6886.0
197,1980,0.99995,0.19183673469386786,41153.322999715805,9.9,14522.7,14.333333333333334,19999.0
198,1990,0.30851666666666666,0.1877551020408066,41356.36199975014,12.6,16638.5,0.3333333333333333,6170.333333333333
199,2000,0.6994666666666667,0.18367346938774531,41521.18299984932,9.4,12705.2,3.0,13989.333333333334
200,2010,0.2119,0.17959183673468404,41732.4929997921,12.2,17579.3,0.0,4238.0
201,2020,0.4197666666666667,0.17551020408162277,41876.85200166702,8.4,11468.8,1.0,8395.333333333334
202,2030,0.5583166666666667,0.1714285714285615,42034.51700091362,8.6,12458.4,0.3333333333333333,11166.333333333334
203,2040,0.20026666666666668,0.16734693877550022,42217.222001075745,13.3,15093.8,0.0,4005.3333333333335
204,2050,0.31038333333333334,0.16326530612243895,42416.6980009079,11.0,16412.0,0.3333333333333333,6207.666666666667
205,2060,0.99995,0.15918367346937767,42584.30599975586,9.0,12397.3,8.0,19999.0
206,2070,0.27105,0.1551020408163164,42744.85500049591,8.2,13096.3,1.3333333333333333,5421.0
207,2080,0.30571666666666664,0.15102040816325513,42955.719499111176,14.7,17338.5,1.3333333333333333,6114.333333333333
208,2090,0.3727,0.14693877551019385,43152.8064994812,11.6,16015.7,1.3333333333333333,7454.0
209,2100,0.99995,0.14285714285713258,43390.06450033188,13.8,18176.5,15.333333333333334,19999.0
210,2110,0.36898333333333333,0.1387755102040713,43587.57350039482,10.2,16138.7,1.0,7379.666666666667
211,2120,0.26695,0.13469387755101003,43780.7524998188,11.4,15846.5,0.0,5339.0
212,2130,0.37473333333333336,0.13061224489794876,43960.904999256134,11.7,14616.1,0.6666666666666666,7494.666666666667
213,2140,0.4158,0.12653061224488749,44166.76150107384,13.8,16706.2,1.0,8316.0
214,2150,0.3686,0.12244897959182621,44364.05150055885,12.9,16061.2,0.6666666666666666,7372.0
215,2160,0.99995,0.11836734693876494,44572.45850634575,10.8,15768.4,15.333333333333334,19999.0
216,2170,0.25598333333333334,0.11428571428570367,44763.21099996567,12.2,15622.0,0.3333333333333333,5119.666666666667
217,2180,0.3230166666666667,0.11020408163264239,44994.52599954605,15.2,18836.1,0.6666666666666666,6460.333333333333
218,2190,0.389,0.10612244897958112,45178.61900019646,11.4,14779.0,0.6666666666666666,7780.0
219,2200,0.33233333333333337,0.10204081632651985,45357.83800029755,10.8,14489.8,0.6666666666666666,6646.666666666667
220,2210,0.22775,0.09795918367345857,45523.69250035286,8.2,13649.4,0.0,4555.0
221,2220,0.26355,0.0938775510203973,45729.33799934387,15.4,16782.5,0.0,5271.0
222,2230,0.33211666666666667,0.08979591836733603,45944.60849905014,13.5,17488.6,0.3333333333333333,6642.333333333333
223,2240,0.28936666666666666,0.08571428571427475,46148.063999414444,14.2,16419.0,0.3333333333333333,5787.333333333333
224,2250,0.28105,0.08163265306121348,46362.87099957466,15.3,17452.3,0.3333333333333333,5621.0
225,2260,0.99995,0.0775510204081522,46585.31200528145,14.1,16778.2,13.0,19999.0
226,2270,0.2929333333333333,0.07346938775509093,46805.93299984932,14.8,17940.3,0.3333333333333333,5858.666666666667
227,2280,0.25801666666666667,0.06938775510202966,47005.170000076294,10.9,16198.4,0.0,5160.333333333333
228,2290,0.26343333333333335,0.06530612244896838,47220.96300029755,15.0,17627.7,0.3333333333333333,5268.666666666667
229,2300,0.99995,0.06122448979590714,47437.147500514984,12.3,16440.1,13.333333333333334,19999.0
230,2310,0.34368333333333334,0.057142857142845935,47638.283500909805,12.4,16257.7,0.6666666666666666,6873.666666666667
231,2320,0.7548,0.05306122448978473,47875.76100039482,15.6,18588.2,6.333333333333333,15096.0
232,2330,0.21908333333333335,0.05,48090.80799984932,12.2,17466.6,0.3333333333333333,4381.666666666667
233,2340,0.4970666666666667,0.05,48308.605999946594,13.0,17357.2,1.0,9941.333333333334
234,2350,0.52435,0.05,48536.12200021744,14.1,18079.8,2.3333333333333335,10487.0
235,2360,0.25841666666666663,0.05,48734.81150007248,11.0,16126.1,0.0,5168.333333333333
236,2370,0.28983333333333333,0.05,48947.52099990845,10.3,17473.8,0.3333333333333333,5796.666666666667
237,2380,0.35715,0.05,49162.90600013733,14.5,17417.1,0.6666666666666666,7143.0
238,2390,0.30951666666666666,0.05,49394.697499752045,14.8,18926.1,0.3333333333333333,6190.333333333333
239,2400,0.30813333333333337,0.05,49610.485001802444,13.8,17530.5,0.3333333333333333,6162.666666666667
240,2410,0.99995,0.05,49825.62249970436,9.8,16187.1,9.666666666666666,19999.0
241,2420,0.42355,0.05,49981.17699956894,8.3,12303.7,4.0,8471.0
242,2430,0.21948333333333334,0.05,50186.862000226974,14.4,16916.0,1.6666666666666667,4389.666666666667
243,2440,0.22065,0.05,50361.626000881195,10.8,14320.2,0.0,4413.0
244,2450,0.4705333333333333,0.05,50585.148000240326,13.7,18008.1,1.0,9410.666666666666
245,2460,0.3032,0.05,50795.0619995594,12.9,17133.5,0.3333333333333333,6064.0
246,2470,0.3705833333333334,0.05,50976.56850218773,10.3,14642.8,0.6666666666666666,7411.666666666667
247,2480,0.36045,0.05,51165.95649981499,11.3,15338.8,0.6666666666666666,7209.0
248,2490,0.3385666666666666,0.05,51386.27099967003,14.5,17920.3,0.6666666666666666,6771.333333333333
249,2500,0.36878333333333335,0.05,51580.8220076561,12.1,15753.5,0.6666666666666666,7375.666666666667
