,episode,test_success_ratio,epsilon,time,train_score,train_mean_steps,test_score,test_mean_steps
0,10,0.09753333333333333,0.9959839357429714,135.40649962425232,10.0,11201.6,0.4,5852.0
1,20,0.10192666666666668,0.9919678714859428,261.6705005168915,7.7,10683.0,0.6,6115.6
2,30,0.19998333333333335,0.9879518072289142,410.08050060272217,8.8,11202.0,10.6,11999.0
3,40,0.19998333333333335,0.9839357429718856,585.9879996776581,9.0,11140.7,8.4,11999.0
4,50,0.12040666666666666,0.979919678714857,715.3200001716614,7.8,10496.4,0.6,7224.4
5,60,0.08082,0.9759036144578284,844.1729996204376,7.6,11072.8,0.4,4849.2
6,70,0.08202,0.9718875502007998,982.416999578476,9.9,12000.0,0.0,4921.2
7,80,0.07629333333333334,0.9678714859437711,1119.1080000400543,10.9,12000.0,0.2,4577.6
8,90,0.11866333333333334,0.9638554216867425,1249.274500131607,8.6,11018.0,2.8,7119.8
9,100,0.19339,0.9598393574297139,1378.366000175476,8.6,10053.9,6.8,11603.4
10,110,0.07756666666666667,0.9558232931726853,1515.189499616623,9.6,12000.0,0.0,4654.0
11,120,0.10725333333333333,0.9518072289156567,1654.8059997558594,10.2,12000.0,0.4,6435.2
12,130,0.08876333333333333,0.9477911646586281,1776.2839994430542,7.0,10507.3,0.2,5325.8
13,140,0.19998333333333335,0.9437751004015995,1907.263999223709,7.8,10152.9,13.0,11999.0
14,150,0.06971999999999999,0.9397590361445709,2037.5750033855438,9.8,11466.4,0.2,4183.2
15,160,0.11737333333333333,0.9357429718875423,2179.8110015392303,10.3,12000.0,0.6,7042.4
16,170,0.06755333333333333,0.9317269076305137,2275.8879992961884,5.8,8328.9,0.0,4053.2
17,180,0.10990666666666667,0.9277108433734851,2397.476499557495,9.0,10396.6,0.0,6594.4
18,190,0.07428666666666667,0.9236947791164565,2514.744000196457,8.2,10265.0,0.0,4457.2
19,200,0.19998333333333335,0.9196787148594279,2664.5430002212524,9.5,11961.6,12.4,11999.0
20,210,0.07167666666666667,0.9156626506023993,2787.0009989738464,8.4,10678.3,0.0,4300.6
21,220,0.07212333333333333,0.9116465863453707,2922.083999633789,9.2,11882.8,0.0,4327.4
22,230,0.12561666666666665,0.907630522088342,3041.2389998435974,6.2,9900.3,1.0,7537.0
23,240,0.12068666666666666,0.9036144578313134,3169.1779992580414,8.5,10752.6,0.6,7241.2
24,250,0.06664666666666667,0.8995983935742848,3292.8749990463257,7.4,10856.5,0.0,3998.8
25,260,0.07045333333333333,0.8955823293172562,3410.055998325348,6.9,10236.2,0.0,4227.2
26,270,0.19998333333333335,0.8915662650602276,3546.2609996795654,8.8,10742.7,6.4,11999.0
27,280,0.08740666666666666,0.887550200803199,3681.2210001945496,9.8,11738.9,0.2,5244.4
28,290,0.19998333333333335,0.8835341365461704,3824.3159997463226,8.3,11371.4,4.2,11999.0
29,300,0.19998333333333335,0.8795180722891418,3961.355498790741,11.0,11003.2,8.0,11999.0
30,310,0.10653333333333333,0.8755020080321132,4100.104999542236,11.0,12000.0,0.4,6392.0
31,320,0.09344666666666666,0.8714859437750846,4202.495499134064,5.7,8688.3,0.4,5606.8
32,330,0.19998333333333335,0.867469879518056,4351.468999385834,10.6,12000.0,10.2,11999.0
33,340,0.14485333333333333,0.8634538152610274,4485.301500558853,9.4,11110.8,1.4,8691.2
34,350,0.11714,0.8594377510039988,4608.555001974106,6.4,10354.2,0.6,7028.4
35,360,0.12997333333333333,0.8554216867469702,4748.728499889374,9.0,11823.4,0.8,7798.4
36,370,0.08811333333333334,0.8514056224899416,4878.340500116348,8.6,11331.2,0.2,5286.8
37,380,0.10233666666666666,0.847389558232913,5012.573498725891,9.5,11564.8,0.4,6140.2
38,390,0.06801333333333334,0.8433734939758843,5128.036999702454,7.5,10117.7,0.0,4080.8
39,400,0.1317266666666667,0.8393574297188557,5262.152500152588,9.9,11238.6,0.8,7903.6
40,410,0.10507,0.8353413654618271,5387.419002771378,7.5,10686.7,0.4,6304.2
41,420,0.10533333333333333,0.8313253012047985,5517.2534992694855,8.8,11011.0,0.6,6320.0
42,430,0.19998333333333335,0.8273092369477699,5658.312499046326,9.1,11066.3,6.8,11999.0
43,440,0.11747666666666667,0.8232931726907413,5798.771998882294,9.7,12000.0,0.6,7048.6
44,450,0.15173333333333333,0.8192771084337127,5935.1174993515015,10.7,11160.5,5.2,9104.0
45,460,0.19998333333333335,0.8152610441766841,6081.684999704361,10.7,11585.0,7.8,11999.0
46,470,0.19998333333333335,0.8112449799196555,6224.4794998168945,8.6,11268.1,9.2,11999.0
47,480,0.19998333333333335,0.8072289156626269,6371.746999025345,10.0,11651.0,10.6,11999.0
48,490,0.13007,0.8032128514055983,6509.928000211716,10.0,11638.0,0.8,7804.2
49,500,0.19998333333333335,0.7991967871485697,6659.9795043468475,10.9,11930.4,9.6,11999.0
50,510,0.08620666666666665,0.7951807228915411,6794.247499704361,10.3,11614.3,0.8,5172.4
51,520,0.15765,0.7911646586345125,6932.069999456406,10.2,11109.8,5.2,9459.0
52,530,0.14081666666666667,0.7871485943774839,7060.717000246048,9.1,10442.3,4.6,8449.0
53,540,0.07200333333333334,0.7831325301204553,7185.496500253677,8.6,10849.3,0.0,4320.2
54,550,0.10245666666666665,0.7791164658634266,7317.056999921799,10.2,11224.5,0.4,6147.4
55,560,0.07963999999999999,0.775100401606398,7446.899499416351,9.5,11323.1,0.8,4778.4
56,570,0.11889666666666666,0.7710843373493694,7578.895998477936,8.7,11198.1,0.6,7133.8
57,580,0.10374,0.7670682730923408,7709.164999723434,8.5,11156.8,0.6,6224.4
58,590,0.11645333333333333,0.7630522088353122,7839.090998888016,9.3,10925.1,0.4,6987.2
59,600,0.19998333333333335,0.7590361445782836,7984.458502531052,10.6,11465.3,15.0,11999.0
60,610,0.06530999999999999,0.755020080321255,8118.654000282288,9.5,11716.0,0.0,3918.6
61,620,0.10252333333333333,0.7510040160642264,8245.23049902916,10.4,10740.7,0.4,6151.4
62,630,0.10418666666666666,0.7469879518071978,8382.903999328613,10.1,11661.3,0.4,6251.2
63,640,0.19998333333333335,0.7429718875501692,8519.199999332428,8.7,10639.7,3.8,11999.0
64,650,0.13019666666666668,0.7389558232931406,8648.004499673843,9.6,10698.4,0.6,7811.8
65,660,0.12275333333333333,0.734939759036112,8779.276510000229,9.2,10915.5,0.6,7365.2
66,670,0.09801,0.7309236947790834,8919.585499048233,10.8,12000.0,0.4,5880.6
67,680,0.16875666666666667,0.7269076305220548,9056.68700504303,8.8,10931.6,2.6,10125.4
68,690,0.11731000000000001,0.7228915662650262,9190.641499519348,8.4,11231.6,0.6,7038.6
69,700,0.06847333333333333,0.7188755020079975,9310.292500257492,7.4,10333.1,0.0,4108.4
70,710,0.12241,0.7148594377509689,9431.022002696991,8.2,9906.5,0.6,7344.6
71,720,0.13430333333333333,0.7108433734939403,9556.327499389648,8.1,10216.3,0.8,8058.2
72,730,0.08649,0.7068273092369117,9691.990999221802,9.9,11599.5,0.8,5189.4
73,740,0.19998333333333335,0.7028112449798831,9815.84049987793,7.2,9435.0,15.6,11999.0
74,750,0.09931000000000001,0.6987951807228545,9951.015998840332,9.2,11422.3,3.0,5958.6
75,760,0.19998333333333335,0.6947791164658259,10093.407000780106,9.3,11051.9,6.2,11999.0
76,770,0.19998333333333335,0.6907630522087973,10245.299002885818,13.0,12000.0,4.0,11999.0
77,780,0.11029333333333334,0.6867469879517687,10375.193504810333,8.0,10866.2,0.4,6617.6
78,790,0.06825333333333333,0.6827309236947401,10503.29000043869,7.8,11179.5,0.0,4095.2
79,800,0.19998333333333335,0.6787148594377115,10648.761999368668,10.2,11405.8,6.8,11999.0
80,810,0.19998333333333335,0.6746987951806829,10800.80399942398,11.1,12000.0,10.2,11999.0
81,820,0.19998333333333335,0.6706827309236543,10953.319499492645,10.2,12000.0,9.6,11999.0
82,830,0.08463666666666667,0.6666666666666257,11091.894000291824,11.3,11844.5,0.4,5078.2
83,840,0.19998333333333335,0.6626506024095971,11230.582498788834,8.9,10658.6,11.4,11999.0
84,850,0.16931666666666667,0.6586345381525684,11372.761999607086,8.5,11399.1,2.2,10159.0
85,860,0.11199333333333333,0.6546184738955398,11496.338000059128,10.4,10165.2,2.4,6719.6
86,870,0.08125333333333333,0.6506024096385112,11625.839498996735,8.6,11073.0,1.6,4875.2
87,880,0.19998333333333335,0.6465863453814826,11774.472502946854,8.7,11640.2,5.2,11999.0
88,890,0.09113333333333333,0.642570281124454,11905.090499639511,10.8,11021.2,0.2,5468.0
89,900,0.08037666666666668,0.6385542168674254,12045.256000041962,11.3,12000.0,0.0,4822.6
90,910,0.09650333333333333,0.6345381526103968,12181.61949968338,9.0,11478.1,3.0,5790.2
91,920,0.12429666666666667,0.6305220883533682,12319.531999588013,9.9,11350.0,0.6,7457.8
92,930,0.19998333333333335,0.6265060240963396,12461.086998462677,9.4,10858.7,9.2,11999.0
93,940,0.19998333333333335,0.622489959839311,12614.697499036789,10.8,12000.0,6.2,11999.0
94,950,0.12383333333333334,0.6184738955822824,12756.732999563217,9.8,11681.1,0.8,7430.0
95,960,0.07013,0.6144578313252538,12890.44200372696,9.4,11474.6,0.0,4207.8
96,970,0.11786666666666666,0.6104417670682252,13027.798999071121,10.1,11370.5,0.6,7072.0
97,980,0.07256,0.6064257028111966,13157.658498764038,8.2,11001.3,0.0,4353.6
98,990,0.07382333333333332,0.602409638554168,13289.998500585556,6.8,11184.3,0.0,4429.4
99,1000,0.11316666666666667,0.5983935742971394,13407.311002731323,7.4,9573.7,4.0,6790.0
100,1010,0.09403,0.5943775100401107,13547.908499002457,10.8,11847.4,0.4,5641.8
101,1020,0.16305666666666666,0.5903614457830821,13689.77899980545,8.7,11295.3,7.0,9783.4
102,1030,0.19998333333333335,0.5863453815260535,13842.820498943329,10.1,11914.8,8.8,11999.0
103,1040,0.18985333333333335,0.5823293172690249,13985.245000123978,10.5,11010.7,9.6,11391.2
104,1050,0.10931666666666667,0.5783132530119963,14122.785999536514,11.2,11536.6,0.4,6559.0
105,1060,0.09299666666666667,0.5742971887549677,14255.492001771927,8.1,11109.9,0.4,5579.8
106,1070,0.06677666666666666,0.5702811244979391,14362.455999135971,7.1,9025.2,0.4,4006.6
107,1080,0.11068333333333333,0.5662650602409105,14474.900499343872,6.2,9171.8,0.6,6641.0
108,1090,0.11967,0.5622489959838819,14605.82299876213,8.3,10794.1,0.6,7180.2
109,1100,0.19998333333333335,0.5582329317268533,14732.852500915527,8.2,9606.8,6.6,11999.0
110,1110,0.09715666666666666,0.5542168674698247,14870.843499660492,10.3,11613.4,0.8,5829.4
111,1120,0.15046666666666667,0.5502008032127961,15015.530998945236,10.0,11650.5,2.8,9028.0
112,1130,0.09014,0.5461847389557675,15158.359500169754,9.4,12000.0,0.2,5408.4
113,1140,0.07151333333333333,0.5421686746987389,15291.310498714447,9.4,11258.2,1.0,4290.8
114,1150,0.10517333333333333,0.5381526104417103,15423.166999816895,9.0,10961.8,0.6,6310.4
115,1160,0.07361333333333334,0.5341365461846816,15557.135500192642,9.8,11339.6,0.0,4416.8
116,1170,0.13776,0.530120481927653,15694.06049990654,8.3,10871.6,0.8,8265.6
117,1180,0.11588,0.5261044176706244,15826.457998991013,8.0,10858.0,0.6,6952.8
118,1190,0.10248,0.5220883534135958,15950.918499708176,7.0,10249.7,0.4,6148.8
119,1200,0.08880666666666666,0.5180722891565672,16081.203000068665,7.0,10933.9,2.2,5328.4
120,1210,0.12990333333333334,0.5140562248995386,16223.06299996376,9.9,11654.3,0.8,7794.2
121,1220,0.08535,0.51004016064251,16365.460500001907,10.9,12000.0,0.2,5121.0
122,1230,0.10782333333333333,0.5060240963854814,16499.057032108307,8.8,11054.2,0.6,6469.4
123,1240,0.19998333333333335,0.5020080321284528,16650.137999773026,10.3,11587.4,8.4,11999.0
124,1250,0.0777,0.4979919678714245,16786.611498117447,10.6,11499.1,1.4,4662.0
125,1260,0.09137333333333333,0.49397590361439647,16906.637499570847,8.4,9804.4,1.2,5482.4
126,1270,0.08797333333333333,0.4899598393573684,17043.737000226974,9.6,11331.3,0.2,5278.4
127,1280,0.07413333333333333,0.48594377510034037,17159.085505008698,6.0,9674.3,0.8,4448.0
128,1290,0.10500333333333332,0.4819277108433123,17270.582500219345,5.4,9097.4,1.2,6300.2
129,1300,0.08246333333333333,0.47791164658628427,17409.09550023079,9.1,11712.5,0.2,4947.8
130,1310,0.19998333333333335,0.4738955823292562,17561.911499500275,8.9,11763.2,14.2,11999.0
131,1320,0.09701333333333334,0.46987951807222816,17698.880999326706,8.3,11360.8,0.4,5820.8
132,1330,0.08008666666666667,0.4658634538152001,17822.450499773026,7.1,10424.3,0.2,4805.2
133,1340,0.09819,0.46184738955817206,17961.840999126434,9.0,11613.4,0.4,5891.4
134,1350,0.10143999999999999,0.457831325301144,18091.38499855995,8.7,10678.9,0.4,6086.4
135,1360,0.12366,0.45381526104411596,18217.28750014305,7.0,10151.9,0.6,7419.6
136,1370,0.14552666666666667,0.4497991967870879,18353.1189994812,8.1,10756.4,6.2,8731.6
137,1380,0.11977333333333333,0.44578313253005986,18479.368498802185,8.1,10264.4,0.8,7186.4
138,1390,0.10168333333333333,0.4417670682730318,18613.082000494003,10.5,11045.8,0.4,6101.0
139,1400,0.12106333333333334,0.43775100401600375,18749.799498081207,9.2,11095.0,0.6,7263.8
140,1410,0.10158666666666666,0.4337349397589757,18882.9289996624,8.5,11034.1,0.4,6095.2
141,1420,0.13907333333333333,0.42971887550194765,19016.929498672485,8.3,10555.9,7.0,8344.4
142,1430,0.12488,0.4257028112449196,19165.064498901367,11.2,12000.0,2.8,7492.8
143,1440,0.08586,0.42168674698789155,19292.76899909973,8.8,10608.3,0.8,5151.6
144,1450,0.13827,0.4176706827308635,19425.684999227524,7.5,10565.5,1.8,8296.2
145,1460,0.12405333333333333,0.41365461847383544,19565.194999933243,9.5,11255.8,0.6,7443.2
146,1470,0.12553666666666666,0.4096385542168074,19707.205999851227,9.9,11456.7,0.8,7532.2
147,1480,0.07063333333333334,0.40562248995977934,19842.13800048828,9.1,11323.7,0.4,4238.0
148,1490,0.10674333333333334,0.4016064257027513,19980.278500795364,10.1,11342.1,0.6,6404.6
149,1500,0.112,0.39759036144572324,20111.008499383926,9.1,10554.1,0.6,6720.0
150,1510,0.19998333333333335,0.3935742971886952,20264.852999925613,11.2,11619.2,9.2,11999.0
151,1520,0.07581,0.38955823293166714,20407.800998210907,9.7,12000.0,0.2,4548.6
152,1530,0.19998333333333335,0.3855421686746391,20552.323999643326,9.2,10973.4,13.2,11999.0
153,1540,0.09635,0.38152610441761103,20678.964000225067,7.9,10365.5,0.4,5781.0
154,1550,0.13640333333333332,0.377510040160583,20824.093999624252,8.6,11599.9,0.8,8184.2
155,1560,0.10475,0.37349397590355493,20969.18249964714,9.8,11850.9,3.2,6285.0
156,1570,0.17492999999999997,0.3694779116465269,21114.562499046326,8.6,11150.7,7.6,10495.8
157,1580,0.17711666666666667,0.36546184738949883,21259.267500400543,11.0,11141.2,3.6,10627.0
158,1590,0.12717333333333333,0.3614457831324708,21387.49350118637,7.1,10202.0,0.8,7630.4
159,1600,0.13169,0.3574297188754427,21520.67549920082,9.0,10515.3,0.8,7901.4
160,1610,0.10639666666666667,0.3534136546184147,21662.975499868393,9.7,11520.6,0.4,6383.8
161,1620,0.06938666666666667,0.3493975903613866,21783.77499818802,6.7,10108.2,0.0,4163.2
162,1630,0.11529333333333334,0.34538152610435857,21917.48499941826,9.0,10825.9,0.6,6917.6
163,1640,0.07898000000000001,0.3413654618473305,22046.77499961853,8.9,10711.7,0.6,4738.8
164,1650,0.08170666666666666,0.33734939759030247,22180.536499261856,9.8,11092.4,1.0,4902.4
165,1660,0.11926,0.3333333333332744,22324.574999332428,11.1,11676.6,0.6,7155.6
166,1670,0.11864333333333334,0.32931726907624637,22466.218998908997,7.4,11457.4,0.6,7118.6
167,1680,0.08271333333333333,0.3253012048192183,22610.312500715256,10.5,12000.0,1.2,4962.8
168,1690,0.17084666666666665,0.32128514056219026,22748.504999876022,7.4,10613.6,5.4,10250.8
169,1700,0.06844,0.3172690763051622,22882.014499902725,6.6,11159.9,0.0,4106.4
170,1710,0.10808999999999999,0.31325301204813416,23009.760999679565,9.3,10328.1,0.6,6485.4
171,1720,0.07647666666666668,0.3092369477911061,23134.700999975204,6.2,10336.0,0.0,4588.6
172,1730,0.10646666666666667,0.30522088353407806,23265.484499931335,8.5,10498.4,3.2,6388.0
173,1740,0.12986999999999999,0.30120481927705,23400.48649930954,8.0,10754.9,0.8,7792.2
174,1750,0.07879,0.29718875502002196,23529.232500076294,6.9,10582.4,0.2,4727.4
175,1760,0.14287999999999998,0.2931726907629939,23674.15399980545,8.1,11326.7,3.0,8572.8
176,1770,0.19998333333333335,0.28915662650596585,23823.012500286102,9.1,11144.9,9.4,11999.0
177,1780,0.11852333333333333,0.2851405622489378,23965.77050423622,8.1,11479.9,0.6,7111.4
178,1790,0.12268666666666667,0.28112449799190975,24110.24899983406,8.6,11502.6,2.0,7361.2
179,1800,0.11015666666666667,0.2771084337348817,24253.654499530792,10.6,11537.6,0.4,6609.4
180,1810,0.19998333333333335,0.27309236947785365,24394.391998767853,8.5,10394.2,17.2,11999.0
181,1820,0.07993333333333333,0.2690763052208256,24523.428000211716,8.7,10505.3,0.0,4796.0
182,1830,0.15522000000000002,0.26506024096379754,24669.691499471664,8.0,11362.6,2.0,9313.2
183,1840,0.06888999999999999,0.2610441767067695,24804.719498872757,7.4,11269.6,0.2,4133.4
184,1850,0.10334666666666667,0.25702811244974144,24933.61549949646,8.7,10315.5,0.4,6200.8
185,1860,0.17698,0.2530120481927134,25061.758999586105,5.8,9574.1,2.6,10618.8
186,1870,0.12686666666666666,0.24899598393568534,25206.69649887085,9.2,11564.1,0.8,7612.0
187,1880,0.09644666666666667,0.2449799196786573,25343.54150414467,8.8,11066.7,0.2,5786.8
188,1890,0.09302666666666667,0.24096385542162924,25489.972499847412,10.2,12000.0,0.0,5581.6
189,1900,0.1434133333333333,0.23694779116460118,25629.899498701096,9.1,10928.1,0.6,8604.8
190,1910,0.11336,0.23293172690757313,25774.973001480103,7.8,11635.3,0.4,6801.6
191,1920,0.07750666666666665,0.22891566265054508,25904.40549969673,7.8,10489.0,0.0,4650.4
192,1930,0.17261666666666667,0.22489959839351703,26047.277498722076,8.7,10777.9,10.4,10357.0
193,1940,0.19998333333333335,0.22088353413648898,26182.093999624252,7.4,9779.8,4.6,11999.0
194,1950,0.09673666666666667,0.21686746987946093,26314.822499513626,7.6,10646.2,0.2,5804.2
195,1960,0.1118,0.21285140562243288,26445.1079993248,7.4,10322.6,0.6,6708.0
196,1970,0.06828333333333333,0.20883534136540483,26581.107501268387,8.6,11165.1,1.2,4097.0
197,1980,0.07646333333333334,0.20481927710837677,26695.772500753403,6.7,9261.8,0.0,4587.8
198,1990,0.12199333333333334,0.20080321285134872,26801.790500879288,5.7,8078.7,0.6,7319.6
199,2000,0.08550333333333333,0.19678714859432067,26941.03550052643,10.0,11284.9,0.6,5130.2
200,2010,0.07564666666666667,0.19277108433729262,27065.788500070572,6.3,10149.1,0.0,4538.8
201,2020,0.11841333333333334,0.18875502008026457,27197.41650056839,8.2,10348.5,0.6,7104.8
202,2030,0.10607,0.18473895582323652,27329.860500097275,8.3,10379.2,0.4,6364.2
203,2040,0.19998333333333335,0.18072289156620847,27473.671503305435,7.2,10388.3,5.4,11999.0
204,2050,0.19998333333333335,0.17670682730918041,27623.12649989128,8.8,10953.4,5.0,11999.0
205,2060,0.17375,0.17269076305215236,27758.748999118805,6.5,10154.3,8.0,10425.0
206,2070,0.19998333333333335,0.1686746987951243,27906.257499456406,8.4,10870.5,10.4,11999.0
207,2080,0.11409333333333334,0.16465863453809626,28048.33349919319,6.8,11300.9,5.4,6845.6
208,2090,0.09343,0.1606425702810682,28173.350499391556,7.6,10045.4,0.4,5605.8
209,2100,0.19998333333333335,0.15662650602404016,28330.84299993515,9.4,11729.3,14.4,11999.0
210,2110,0.07864333333333334,0.1526104417670121,28468.80050086975,7.4,11319.7,0.0,4718.6
211,2120,0.16782333333333332,0.14859437750998405,28602.73099899292,7.2,9910.5,5.8,10069.4
212,2130,0.10328333333333334,0.144578313252956,28745.815499544144,8.3,11414.9,0.6,6197.0
213,2140,0.19998333333333335,0.14056224899592795,28903.586498975754,10.6,11748.2,4.0,11999.0
214,2150,0.09674333333333333,0.1365461847388999,29051.12450003624,9.0,12000.0,0.2,5804.6
215,2160,0.07621333333333334,0.13253012048187185,29181.357499837875,7.7,10551.1,0.0,4572.8
216,2170,0.09086666666666667,0.1285140562248438,29321.369998455048,9.0,11242.6,0.4,5452.0
217,2180,0.09623333333333334,0.12449799196781575,29468.765506505966,9.3,11783.6,0.4,5774.0
218,2190,0.11585333333333334,0.1204819277107877,29612.806499242783,8.3,11305.3,0.6,6951.2
219,2200,0.09628,0.11646586345375964,29756.444498062134,9.7,11506.1,0.4,5776.8
220,2210,0.11010666666666666,0.11244979919673159,29894.01949930191,8.2,10842.0,0.6,6606.4
221,2220,0.08169333333333334,0.10843373493970354,30042.10249900818,8.7,12000.0,0.2,4901.6
222,2230,0.19998333333333335,0.10441767068267549,30193.203501462936,9.0,11095.1,9.0,11999.0
223,2240,0.11365333333333333,0.10040160642564744,30327.025000095367,7.4,10449.8,0.4,6819.2
224,2250,0.12795666666666666,0.09638554216861939,30451.906999588013,6.8,9631.0,0.6,7677.4
225,2260,0.08675666666666666,0.09236947791159134,30594.391499519348,8.5,11343.4,0.2,5205.4
226,2270,0.19998333333333335,0.08835341365456328,30708.398005247116,4.6,7850.9,9.0,11999.0
227,2280,0.11085,0.08433734939753523,30860.169499635696,9.8,12000.0,0.4,6651.0
228,2290,0.06864333333333333,0.08032128514050718,30971.26849937439,5.6,8736.3,0.0,4118.6
229,2300,0.19998333333333335,0.07630522088347913,31099.011498451233,7.0,8985.0,8.6,11999.0
230,2310,0.129,0.07228915662645108,31231.514501094818,7.9,10261.7,0.4,7740.0
231,2320,0.11338666666666666,0.06827309236942303,31383.95099878311,9.2,12000.0,0.6,6803.2
232,2330,0.06690666666666667,0.06425702811239498,31511.976999282837,7.7,10285.0,0.0,4014.4
233,2340,0.09634666666666666,0.06024096385536688,31647.423499822617,8.5,10623.9,0.4,5780.8
234,2350,0.13316666666666666,0.05622489959833876,31797.06749868393,8.6,11573.4,0.8,7990.0
235,2360,0.17302666666666666,0.05220883534131064,31925.45000076294,4.5,9470.0,14.0,10381.6
236,2370,0.12566666666666668,0.04819277108428252,32073.759499549866,8.7,11530.3,0.8,7540.0
237,2380,0.09831000000000001,0.0441767068272544,32216.55949997902,9.2,11256.6,0.4,5898.6
238,2390,0.17544333333333334,0.04016064257022628,32340.59699988365,5.6,9038.8,7.8,10526.6
239,2400,0.06893333333333333,0.03614457831319816,32480.03950738907,8.1,11334.7,0.0,4136.0
240,2410,0.19998333333333335,0.03212851405617004,32616.212499141693,6.7,9841.6,9.4,11999.0
241,2420,0.10475333333333334,0.028112449799141917,32759.344004154205,7.9,11305.0,0.4,6285.2
242,2430,0.07183,0.024096385542113796,32877.89799952507,3.8,9570.7,0.0,4309.8
243,2440,0.10613666666666666,0.020080321285085675,33022.924000263214,7.8,11618.9,0.4,6368.2
244,2450,0.19998333333333335,0.02,33156.81249856949,6.2,9611.8,10.0,11999.0
245,2460,0.08116333333333334,0.02,33271.32049846649,6.0,9057.5,0.0,4869.8
246,2470,0.19998333333333335,0.02,33419.476998806,7.9,10850.5,15.4,11999.0
247,2480,0.19998333333333335,0.02,33568.23700284958,8.1,10897.9,16.0,11999.0
248,2490,0.17157333333333333,0.02,33710.114505529404,5.9,10617.3,10.6,10294.4
249,2500,0.13757000000000003,0.02,33862.02649950981,9.0,11799.0,0.8,8254.2
