,episode,test_success_ratio,epsilon,time,train_score,train_mean_steps,test_score,test_mean_steps
0,10,3744.2,0.997979797979798,156.8150007724762,50.1,8755.5,1.0,3744.2
1,20,3707.2,0.9959595959595959,336.54700112342834,42.6,7513.1,1.0,3707.2
2,30,6007.2,0.9939393939393939,545.2430016994476,49.9,8542.2,27.2,6007.2
3,40,3781.0,0.9919191919191919,776.5545206069946,75.5,12185.8,1.0,3781.0
4,50,3792.2,0.9898989898989898,1032.5045001506805,78.3,13147.0,1.0,3792.2
5,60,4122.2,0.9878787878787878,1281.0625009536743,77.3,12892.9,6.4,4122.2
6,70,3712.6,0.9858585858585858,1478.7890009880066,59.7,10133.7,4.6,3712.6
7,80,8582.8,0.9838383838383837,1763.2755012512207,84.4,13523.0,49.6,8582.8
8,90,3827.2,0.9818181818181817,2006.1725051403046,75.1,12566.0,5.6,3827.2
9,100,3806.8,0.9797979797979797,2283.496500492096,87.1,14564.2,0.6,3806.8
10,110,4243.2,0.9777777777777776,2467.694001197815,52.8,9097.2,15.8,4243.2
11,120,5553.8,0.9757575757575756,2676.7340009212494,59.2,10083.6,17.8,5553.8
12,130,5131.8,0.9737373737373736,2867.7195007801056,56.2,9255.6,17.6,5131.8
13,140,3725.0,0.9717171717171715,3094.86700630188,68.4,11793.9,0.8,3725.0
14,150,13797.2,0.9696969696969695,3362.9015061855316,65.6,10996.2,81.6,13797.2
15,160,3557.0,0.9676767676767675,3590.899001598358,70.8,11697.2,0.8,3557.0
16,170,6463.4,0.9656565656565654,3861.587500333786,82.1,13433.8,19.8,6463.4
17,180,3052.2,0.9636363636363634,4128.211500167847,86.8,14058.6,0.8,3052.2
18,190,5834.4,0.9616161616161614,4362.398503541946,65.9,11363.7,23.8,5834.4
19,200,13673.2,0.9595959595959593,4664.535501241684,80.3,12897.4,82.2,13673.2
20,210,9745.4,0.9575757575757573,4994.3235013484955,96.3,15594.1,55.2,9745.4
21,220,3181.8,0.9555555555555553,5244.832502126694,77.7,13082.9,2.0,3181.8
22,230,3733.0,0.9535353535353532,5383.27400135994,37.6,6716.1,1.0,3733.0
23,240,3989.6,0.9515151515151512,5604.492001771927,67.3,11274.1,0.4,3989.6
24,250,3809.6,0.9494949494949492,5857.625501394272,77.7,13107.9,1.0,3809.6
25,260,3753.8,0.9474747474747471,6075.496002197266,65.8,11217.1,1.0,3753.8
26,270,3892.0,0.9454545454545451,6327.7760009765625,76.5,13201.5,7.8,3892.0
27,280,3876.4,0.9434343434343431,6489.414001464844,44.9,7872.4,0.6,3876.4
28,290,3528.8,0.941414141414141,6739.262001514435,77.6,12965.8,0.8,3528.8
29,300,3744.8,0.939393939393939,6963.879501581192,68.7,11430.3,0.8,3744.8
30,310,3574.8,0.937373737373737,7151.255500793457,54.8,9428.1,0.8,3574.8
31,320,3482.4,0.9353535353535349,7378.434501409531,69.5,11631.4,1.0,3482.4
32,330,3660.0,0.9333333333333329,7648.835000514984,87.2,13951.0,1.0,3660.0
33,340,3756.6,0.9313131313131309,7871.335501670837,66.1,11237.9,0.8,3756.6
34,350,3422.4,0.9292929292929288,8096.512501001358,69.6,11503.6,0.8,3422.4
35,360,3852.6,0.9272727272727268,8315.094001054764,65.7,11117.0,0.4,3852.6
36,370,3097.8,0.9252525252525248,8536.514513492584,69.6,11418.7,0.8,3097.8
37,380,3543.8,0.9232323232323227,8848.601501703262,97.9,16296.4,0.8,3543.8
38,390,3676.8,0.9212121212121207,9073.492500782013,68.6,11463.6,1.0,3676.8
39,400,4598.2,0.9191919191919187,9327.162000894547,79.4,12731.3,16.6,4598.2
40,410,23053.4,0.9171717171717166,9616.177006483078,54.9,9497.4,112.6,23053.4
41,420,3904.6,0.9151515151515146,9874.67200088501,77.0,13222.2,0.8,3904.6
42,430,4053.6,0.9131313131313126,10178.252501487732,94.8,15617.6,4.4,4053.6
43,440,3430.0,0.9111111111111105,10374.235000371933,56.6,9925.0,0.8,3430.0
44,450,3828.6,0.9090909090909085,10596.706001520157,67.4,11231.4,1.0,3828.6
45,460,3003.0,0.9070707070707065,10829.171502113342,73.3,11993.7,0.8,3003.0
46,470,3798.2,0.9050505050505044,11124.806502819061,91.8,15108.1,0.8,3798.2
47,480,4414.4,0.9030303030303024,11433.37250161171,83.0,13239.6,16.8,4414.4
48,490,3862.6,0.9010101010101004,11646.029000997543,53.2,9115.4,0.6,3862.6
49,500,3573.8,0.8989898989898983,11856.528001070023,55.3,9754.2,1.0,3573.8
50,510,3705.4,0.8969696969696963,12082.932002544403,57.2,9594.9,0.6,3705.4
51,520,3864.2,0.8949494949494943,12307.399001121521,61.0,10407.1,13.4,3864.2
52,530,3008.8,0.8929292929292922,12524.660000562668,60.7,10493.9,0.6,3008.8
53,540,3767.6,0.8909090909090902,12802.09400177002,81.2,13471.6,0.6,3767.6
54,550,3797.8,0.8888888888888882,12989.210500717163,47.6,8872.5,0.8,3797.8
55,560,3807.2,0.8868686868686861,13295.874000310898,93.6,15081.1,1.0,3807.2
56,570,3822.0,0.8848484848484841,13544.165002584457,69.5,12218.7,0.8,3822.0
57,580,6060.2,0.8828282828282821,13791.087001800537,68.3,11302.6,21.8,6060.2
58,590,3762.8,0.88080808080808,14095.377000808716,90.3,14727.0,1.0,3762.8
59,600,3992.6,0.878787878787878,14400.594501018524,92.7,14839.8,0.6,3992.6
60,610,2993.4,0.876767676767676,14674.563000917435,85.2,13660.9,0.8,2993.4
61,620,9352.8,0.8747474747474739,14953.879501342773,71.7,12147.5,56.8,9352.8
62,630,3327.8,0.8727272727272719,15276.505001068115,101.0,16141.7,1.0,3327.8
63,640,9015.8,0.8707070707070699,15595.541001081467,89.0,14256.2,51.8,9015.8
64,650,5675.8,0.8686868686868678,15825.729500770569,64.1,10518.0,29.6,5675.8
65,660,3264.2,0.8666666666666658,16057.761502027512,67.5,11340.6,1.0,3264.2
66,670,3849.0,0.8646464646464638,16266.765500307083,58.2,9918.7,0.8,3849.0
67,680,6617.2,0.8626262626262617,16527.863000392914,72.9,12012.0,31.0,6617.2
68,690,3812.0,0.8606060606060597,16713.961003303528,50.1,8668.4,1.0,3812.0
69,700,3793.6,0.8585858585858577,16827.625000476837,24.2,5045.1,1.0,3793.6
70,710,3630.6,0.8565656565656556,17023.2690012455,52.6,9220.5,1.0,3630.6
71,720,3592.8,0.8545454545454536,17292.86450266838,79.8,13240.7,1.0,3592.8
72,730,6986.2,0.8525252525252516,17536.57100224495,64.7,10821.1,37.6,6986.2
73,740,12215.8,0.8505050505050495,17781.381502628326,55.4,9573.8,69.4,12215.8
74,750,6751.8,0.8484848484848475,18073.030502557755,84.0,13848.4,23.2,6751.8
75,760,3604.4,0.8464646464646455,18315.149006843567,71.5,11782.6,0.6,3604.4
76,770,3287.4,0.8444444444444434,18559.18150162697,71.1,11829.6,4.0,3287.4
77,780,3539.4,0.8424242424242414,18779.924500465393,66.3,10662.4,0.8,3539.4
78,790,3670.6,0.8404040404040394,18944.83150625229,41.2,7689.2,0.8,3670.6
79,800,3933.6,0.8383838383838373,19161.106501102448,62.3,10370.8,0.8,3933.6
80,810,4029.4,0.8363636363636353,19373.893000602722,53.6,10181.8,1.0,4029.4
81,820,3720.2,0.8343434343434333,19614.717504024506,69.2,11635.2,0.6,3720.2
82,830,3480.8,0.8323232323232312,19866.059500217438,74.1,12148.4,1.0,3480.8
83,840,4013.0,0.8303030303030292,20041.401500225067,46.2,8233.7,1.0,4013.0
84,850,3746.8,0.8282828282828272,20232.761500120163,46.9,9159.8,1.0,3746.8
85,860,6661.0,0.8262626262626251,20529.292500972748,83.7,13724.4,33.6,6661.0
86,870,4304.8,0.8242424242424231,20797.25900053978,80.0,12880.3,11.4,4304.8
87,880,10998.0,0.8222222222222211,21118.308500289917,87.3,13885.9,68.6,10998.0
88,890,3767.6,0.820202020202019,21389.406500577927,80.3,13304.1,0.8,3767.6
89,900,3839.8,0.818181818181817,21699.35200071335,93.7,15357.8,0.8,3839.8
90,910,5689.4,0.816161616161615,21948.792008638382,69.2,11638.7,19.0,5689.4
91,920,3488.4,0.814141414141413,22177.448000192642,65.0,11165.4,3.8,3488.4
92,930,3669.4,0.8121212121212109,22437.10400223732,76.3,12665.9,1.0,3669.4
93,940,9815.8,0.8101010101010089,22781.049502134323,92.9,15461.5,55.0,9815.8
94,950,7052.0,0.8080808080808068,23122.369500637054,97.8,15964.3,34.2,7052.0
95,960,11581.6,0.8060606060606048,23338.55950140953,45.8,8172.1,69.0,11581.6
96,970,3653.8,0.8040404040404028,23547.121001958847,54.8,9949.6,4.0,3653.8
97,980,5121.2,0.8020202020202007,23836.498502016068,84.6,13917.2,16.2,5121.2
98,990,3729.0,0.7999999999999987,24092.78200149536,75.4,12469.3,0.8,3729.0
99,1000,8576.0,0.7979797979797967,24460.539501667023,104.7,16885.3,46.8,8576.0
100,1010,3594.0,0.7959595959595946,24696.590000867844,68.8,11447.2,1.0,3594.0
101,1020,3115.8,0.7939393939393926,24882.91100168228,51.4,8972.8,0.8,3115.8
102,1030,3721.0,0.7919191919191906,25028.097500801086,33.3,6650.0,1.0,3721.0
103,1040,12809.4,0.7898989898989885,25372.3694999218,86.9,14036.6,72.8,12809.4
104,1050,3811.0,0.7878787878787865,25574.11600136757,53.1,9738.8,0.8,3811.0
105,1060,4220.8,0.7858585858585845,25797.113001585007,60.4,10597.3,13.4,4220.8
106,1070,3794.8,0.7838383838383824,26043.037001609802,70.8,11899.3,0.8,3794.8
107,1080,3798.0,0.7818181818181804,26246.219000339508,57.0,9652.0,1.0,3798.0
108,1090,4785.2,0.7797979797979784,26545.796002388,82.2,13484.7,10.2,4785.2
109,1100,3969.2,0.7777777777777763,26835.412499904633,90.8,14271.7,0.8,3969.2
110,1110,3776.8,0.7757575757575743,27031.769001483917,54.6,9466.0,1.0,3776.8
111,1120,3246.0,0.7737373737373723,27218.596001386642,47.8,9041.1,0.8,3246.0
112,1130,3531.6,0.7717171717171702,27410.97900366783,46.1,8807.9,1.0,3531.6
113,1140,7295.6,0.7696969696969682,27681.51700615883,71.6,11892.7,42.0,7295.6
114,1150,3892.6,0.7676767676767662,27906.721000909805,60.0,10267.8,1.0,3892.6
115,1160,3656.2,0.7656565656565641,28152.464502573013,67.2,11514.0,5.2,3656.2
116,1170,3798.2,0.7636363636363621,28247.382001399994,19.3,4032.0,0.8,3798.2
117,1180,11158.4,0.7616161616161601,28434.714502334595,31.0,6730.5,62.8,11158.4
118,1190,3040.6,0.759595959595958,28595.55650115013,41.3,7651.6,0.6,3040.6
119,1200,4185.6,0.757575757575756,28742.164502620697,34.9,6562.2,0.8,4185.6
120,1210,4688.6,0.755555555555554,29005.95650100708,74.0,12339.5,15.4,4688.6
121,1220,3743.2,0.753535353535352,29214.999502420425,58.1,9833.2,0.6,3743.2
122,1230,3594.8,0.7515151515151499,29355.150501012802,33.0,6367.0,1.0,3594.8
123,1240,3934.2,0.7494949494949479,29601.618000984192,70.2,11760.5,0.6,3934.2
124,1250,3747.4,0.7474747474747458,29764.252501249313,39.0,7444.7,1.0,3747.4
125,1260,4150.0,0.7454545454545438,29973.91650080681,55.7,9773.5,0.8,4150.0
126,1270,7170.8,0.7434343434343418,30262.564000606537,76.9,12941.8,37.8,7170.8
127,1280,3548.0,0.7414141414141397,30469.101001739502,56.4,9723.6,9.4,3548.0
128,1290,3802.8,0.7393939393939377,30724.916501283646,71.4,12199.2,1.0,3802.8
129,1300,11897.8,0.7373737373737357,30957.20750117302,49.6,8845.0,74.0,11897.8
130,1310,3037.8,0.7353535353535336,31250.977502584457,86.6,14349.5,0.4,3037.8
131,1320,3927.4,0.7333333333333316,31539.062000513077,83.0,14034.8,0.8,3927.4
132,1330,7055.6,0.7313131313131296,31805.330003023148,70.8,11833.0,44.0,7055.6
133,1340,3395.8,0.7292929292929275,32009.49800634384,52.9,9621.3,1.0,3395.8
134,1350,3798.6,0.7272727272727255,32200.33100104332,47.2,8461.4,1.0,3798.6
135,1360,3797.6,0.7252525252525235,32314.469500780106,22.8,4885.4,1.0,3797.6
136,1370,14496.8,0.7232323232323215,32663.84850335121,88.3,14299.1,86.2,14496.8
137,1380,4304.0,0.7212121212121194,32861.902000665665,54.3,9200.5,5.8,4304.0
138,1390,3767.4,0.7191919191919174,33128.62200093269,78.7,12728.8,1.0,3767.4
139,1400,10661.4,0.7171717171717154,33390.69450235367,65.3,10628.9,64.4,10661.4
140,1410,7605.0,0.7151515151515133,33692.12600374222,80.5,13672.5,45.4,7605.0
141,1420,3863.2,0.7131313131313113,33928.85850048065,67.5,11179.2,1.0,3863.2
142,1430,3733.0,0.7111111111111093,34184.91950106621,71.6,12235.0,0.6,3733.0
143,1440,6747.4,0.7090909090909072,34419.42900133133,63.1,10328.2,32.6,6747.4
144,1450,3760.2,0.7070707070707052,34665.88200044632,70.3,11879.2,0.8,3760.2
145,1460,3780.6,0.7050505050505032,34901.081001758575,66.2,11133.3,1.0,3780.6
146,1470,3683.6,0.7030303030303011,35054.671501874924,36.0,7047.7,1.0,3683.6
147,1480,12583.4,0.7010101010100991,35288.3385014534,45.4,8777.4,77.2,12583.4
148,1490,5479.8,0.698989898989897,35565.873500823975,76.0,13165.6,22.6,5479.8
149,1500,16292.2,0.696969696969695,35952.85050153732,94.4,15402.3,104.4,16292.2
150,1510,3664.6,0.694949494949493,36120.70500040054,44.0,7713.1,1.0,3664.6
151,1520,8105.0,0.692929292929291,36424.16200065613,84.1,13484.7,46.6,8105.0
152,1530,3759.4,0.6909090909090889,36672.88650226593,73.1,12039.3,1.0,3759.4
153,1540,3570.8,0.6888888888888869,36823.003001213074,36.2,6867.7,1.0,3570.8
154,1550,3906.2,0.6868686868686849,37085.1450009346,72.7,12727.2,1.0,3906.2
155,1560,3595.6,0.6848484848484828,37177.610001802444,15.6,3907.8,1.0,3595.6
156,1570,3615.6,0.6828282828282808,37382.08650112152,56.2,9686.3,1.0,3615.6
157,1580,3887.0,0.6808080808080788,37585.70849990845,50.0,9400.5,1.0,3887.0
158,1590,3719.6,0.6787878787878767,37834.699501276016,69.7,12026.8,1.0,3719.6
159,1600,6565.6,0.6767676767676747,38179.893002033234,99.6,16019.7,21.4,6565.6
160,1610,3542.8,0.6747474747474727,38427.90950059891,71.0,11799.2,4.8,3542.8
161,1620,10905.2,0.6727272727272706,38621.03200125694,36.9,6972.3,62.4,10905.2
162,1630,3797.6,0.6707070707070686,38898.83800005913,79.8,13274.4,0.6,3797.6
163,1640,3564.6,0.6686868686868666,39053.729001522064,37.5,7026.8,0.8,3564.6
164,1650,4022.6,0.6666666666666645,39275.49600148201,60.6,10337.1,1.0,4022.6
165,1660,3900.4,0.6646464646464625,39577.102001428604,89.1,14526.6,0.6,3900.4
166,1670,3679.0,0.6626262626262605,39845.094501018524,73.6,12891.2,0.6,3679.0
167,1680,5713.4,0.6606060606060584,40151.43350124359,85.1,14275.8,29.0,5713.4
168,1690,3958.8,0.6585858585858564,40372.32100057602,63.2,10415.0,1.0,3958.8
169,1700,5809.2,0.6565656565656544,40617.25000119209,63.5,11199.2,32.4,5809.2
170,1710,3661.2,0.6545454545454523,40910.92750144005,89.1,14233.1,0.8,3661.2
171,1720,3750.6,0.6525252525252503,41181.36350131035,79.1,13050.7,0.6,3750.6
172,1730,3799.4,0.6505050505050483,41444.48300123215,76.3,12577.5,0.8,3799.4
173,1740,8585.8,0.6484848484848462,41683.0090007782,56.2,10038.9,48.6,8585.8
174,1750,3744.6,0.6464646464646442,41888.67800498009,54.5,9718.6,0.8,3744.6
175,1760,5127.2,0.6444444444444422,42153.810000658035,76.7,12360.4,22.2,5127.2
176,1770,3750.2,0.6424242424242401,42377.50400018692,60.9,10619.0,1.0,3750.2
177,1780,3706.6,0.6404040404040381,42570.9410007,53.1,9065.5,2.0,3706.6
178,1790,2787.8,0.638383838383836,42897.36450242996,98.7,16031.3,0.8,2787.8
179,1800,3605.4,0.636363636363634,43122.63600063324,60.4,10747.7,1.0,3605.4
180,1810,8470.6,0.634343434343432,43405.32900071144,77.0,12308.8,44.0,8470.6
181,1820,3620.8,0.63232323232323,43570.29050064087,38.8,7565.5,1.0,3620.8
182,1830,3836.2,0.6303030303030279,43851.130007267,80.7,13373.9,1.0,3836.2
183,1840,3642.4,0.6282828282828259,44102.34250164032,70.7,11998.7,4.8,3642.4
184,1850,7558.8,0.6262626262626239,44350.37300109863,65.8,10814.3,42.4,7558.8
185,1860,3773.0,0.6242424242424218,44517.76400089264,42.6,7604.7,1.0,3773.0
186,1870,4131.6,0.6222222222222198,44711.52600097656,52.5,8966.7,1.0,4131.6
187,1880,13481.6,0.6202020202020178,44987.267001628876,62.7,10706.0,79.6,13481.6
188,1890,7986.0,0.6181818181818157,45219.87300014496,60.4,9820.8,46.4,7986.0
189,1900,3775.4,0.6161616161616137,45464.22400021553,68.3,11609.0,1.0,3775.4
190,1910,3594.6,0.6141414141414117,45719.86400055885,73.9,12153.1,1.0,3594.6
191,1920,14123.6,0.6121212121212096,46008.01600050926,64.2,10527.7,87.4,14123.6
192,1930,3767.2,0.6101010101010076,46203.61350107193,54.3,9074.4,1.0,3767.2
193,1940,4319.6,0.6080808080808056,46419.60750079155,57.7,9932.3,13.2,4319.6
194,1950,3638.0,0.6060606060606035,46589.846000909805,46.4,7826.9,0.8,3638.0
195,1960,7832.4,0.6040404040404015,46848.459502220154,67.3,11299.4,41.4,7832.4
196,1970,3736.4,0.6020202020201995,47029.626002550125,49.2,8350.3,0.8,3736.4
197,1980,4363.8,0.5999999999999974,47212.42250204086,44.9,8182.4,14.8,4363.8
198,1990,3535.2,0.5979797979797954,47371.62650299072,39.5,7034.5,1.8,3535.2
199,2000,3946.4,0.5959595959595934,47609.01100206375,63.5,10828.2,0.6,3946.4
200,2010,3751.8,0.5939393939393913,47846.91600179672,64.5,10925.3,0.8,3751.8
201,2020,3926.8,0.5919191919191893,48146.223508358,83.9,13989.7,1.0,3926.8
202,2030,3579.4,0.5898989898989873,48360.85600090027,53.6,9802.9,1.0,3579.4
203,2040,4104.6,0.5878787878787852,48611.07350063324,68.1,11487.8,1.0,4104.6
204,2050,3881.4,0.5858585858585832,48828.23100209236,56.2,9760.7,1.0,3881.4
205,2060,3295.6,0.5838383838383812,49080.667001247406,69.6,11610.9,0.6,3295.6
206,2070,3674.2,0.5818181818181791,49314.737499952316,63.7,10751.2,1.0,3674.2
207,2080,3743.2,0.5797979797979771,49533.999500989914,59.8,9930.4,1.2,3743.2
208,2090,3673.0,0.5777777777777751,49774.126000881195,64.7,11033.6,5.4,3673.0
209,2100,3829.4,0.575757575757573,50015.53150320053,66.5,11069.1,0.8,3829.4
210,2110,6908.0,0.573737373737371,50268.04750108719,63.2,11093.5,40.4,6908.0
211,2120,3979.4,0.571717171717169,50516.60450601578,72.5,11657.4,0.8,3979.4
212,2130,3866.8,0.5696969696969669,50765.389501571655,69.5,11553.2,1.0,3866.8
213,2140,3636.4,0.5676767676767649,51033.03100132942,76.1,12749.7,0.8,3636.4
214,2150,10867.2,0.5656565656565629,51297.91200089455,61.5,10577.8,62.2,10867.2
215,2160,3908.8,0.5636363636363608,51422.00250148773,25.2,5386.8,1.0,3908.8
216,2170,3539.6,0.5616161616161588,51731.34700989723,88.7,14857.4,1.0,3539.6
217,2180,3588.4,0.5595959595959568,52017.64300060272,78.8,13647.3,3.2,3588.4
218,2190,3101.2,0.5575757575757547,52223.36950159073,56.5,9615.2,0.8,3101.2
219,2200,3808.4,0.5555555555555527,52441.05800962448,58.5,10162.8,0.8,3808.4
220,2210,3769.2,0.5535353535353507,52582.19450092316,35.3,6296.1,1.0,3769.2
221,2220,2975.0,0.5515151515151486,52828.8450012207,70.7,11843.4,0.6,2975.0
222,2230,3762.6,0.5494949494949466,53107.36400771141,78.6,13336.1,0.8,3762.6
223,2240,3068.6,0.5474747474747446,53314.8175008297,56.8,10020.6,0.4,3068.6
224,2250,3364.6,0.5454545454545425,53527.34500169754,60.0,10025.5,4.6,3364.6
225,2260,3872.4,0.5434343434343405,53762.93650507927,62.4,11103.6,0.6,3872.4
226,2270,3564.0,0.5414141414141385,53919.11200070381,36.4,7064.3,1.0,3564.0
227,2280,13500.4,0.5393939393939364,54164.959500551224,50.9,9076.9,79.4,13500.4
228,2290,3896.4,0.5373737373737344,54343.02050161362,46.6,8165.8,0.8,3896.4
229,2300,3474.6,0.5353535353535324,54482.3955013752,31.4,6264.3,3.0,3474.6
230,2310,2778.6,0.5333333333333303,54672.81200456619,55.9,9196.9,0.8,2778.6
231,2320,8296.4,0.5313131313131283,54970.99600028992,77.4,13225.6,48.8,8296.4
232,2330,9023.6,0.5292929292929263,55225.225501298904,61.3,10579.2,50.8,9023.6
233,2340,5739.0,0.5272727272727242,55452.83000087738,58.9,10112.5,28.0,5739.0
234,2350,3555.2,0.5252525252525222,55720.64800262451,77.7,12781.4,1.0,3555.2
235,2360,3534.2,0.5232323232323202,55925.504000902176,55.7,9582.3,0.8,3534.2
236,2370,3797.2,0.5212121212121181,56231.21750116348,88.5,14772.7,1.0,3797.2
237,2380,3517.8,0.5191919191919161,56458.91850042343,63.4,10770.2,1.6,3517.8
238,2390,4793.0,0.5171717171717141,56741.3975007534,83.8,13208.4,21.4,4793.0
239,2400,3522.6,0.515151515151512,57003.520500421524,73.6,12544.1,1.0,3522.6
240,2410,3709.8,0.51313131313131,57326.653500795364,97.9,15675.5,1.0,3709.8
241,2420,3322.8,0.511111111111108,57505.97350168228,47.9,8451.3,0.8,3322.8
242,2430,9735.6,0.5090909090909059,57787.01400065422,69.1,11969.1,58.0,9735.6
243,2440,3726.6,0.5070707070707039,58019.23050022125,63.9,10963.3,5.2,3726.6
244,2450,3926.0,0.5050505050505019,58265.68100595474,68.6,11642.1,4.2,3926.0
245,2460,7017.2,0.5030303030302998,58490.482501745224,56.2,9731.9,34.2,7017.2
246,2470,3928.8,0.5010101010100978,58616.3225004673,27.6,5470.9,5.8,3928.8
247,2480,3873.6,0.49898989898989576,58813.19900250435,53.5,9056.1,1.0,3873.6
248,2490,3761.6,0.49696969696969373,58943.87050127983,27.5,5805.7,1.0,3761.6
249,2500,3478.2,0.4949494949494917,59144.63150334358,57.3,9441.3,2.4,3478.2
250,2510,3435.2,0.49292929292928966,59339.18400168419,51.1,9184.4,3.2,3435.2
251,2520,3847.0,0.49090909090908763,59612.85250067711,79.8,13093.1,1.0,3847.0
252,2530,3306.8,0.4888888888888856,59768.15250086784,34.6,7154.7,1.0,3306.8
253,2540,3556.6,0.48686868686868356,59919.856001377106,36.1,6813.4,0.8,3556.6
254,2550,4182.8,0.48484848484848153,60216.54500746727,81.1,14160.1,1.0,4182.8
255,2560,3695.8,0.4828282828282795,60518.82350206375,88.0,14592.6,1.0,3695.8
256,2570,3782.4,0.48080808080807746,60709.77650666237,45.8,8788.0,1.0,3782.4
257,2580,3568.2,0.47878787878787543,60909.25650072098,56.2,9277.6,1.0,3568.2
258,2590,3948.6,0.4767676767676734,61160.653000831604,70.5,11899.8,5.4,3948.6
259,2600,3068.0,0.47474747474747137,61278.520000219345,25.3,5229.3,0.6,3068.0
260,2610,3495.6,0.47272727272726933,61452.32350111008,43.9,8135.0,0.8,3495.6
261,2620,3786.0,0.4707070707070673,61680.9425008297,63.7,10759.5,1.0,3786.0
262,2630,3596.2,0.46868686868686527,61897.18400263786,56.3,9993.7,1.0,3596.2
263,2640,3769.8,0.46666666666666323,62088.45300197601,46.4,8778.9,0.8,3769.8
264,2650,3745.8,0.4646464646464612,62253.01250052452,39.4,7502.2,0.8,3745.8
265,2660,3721.8,0.46262626262625917,62532.16750264168,78.4,13385.8,1.0,3721.8
266,2670,3661.0,0.46060606060605713,62780.390001773834,70.6,11819.2,1.0,3661.0
267,2680,3934.6,0.4585858585858551,63033.81550073624,69.3,11742.9,4.8,3934.6
268,2690,3907.4,0.45656565656565307,63273.96000099182,67.6,11333.6,0.6,3907.4
269,2700,3760.4,0.45454545454545103,63400.53900051117,25.2,5546.5,1.0,3760.4
270,2710,3798.2,0.452525252525249,63624.66250038147,62.7,10651.6,0.6,3798.2
271,2720,5098.4,0.45050505050504697,63751.05050063133,24.0,5136.7,14.4,5098.4
272,2730,3161.4,0.44848484848484493,64011.30350065231,69.1,12400.4,0.8,3161.4
273,2740,3869.8,0.4464646464646429,64184.29100108147,42.1,7730.6,0.8,3869.8
274,2750,6944.2,0.44444444444444087,64433.87600040436,64.9,10890.7,39.4,6944.2
275,2760,3503.2,0.44242424242423883,64596.99050140381,35.3,7404.4,0.8,3503.2
276,2770,3512.8,0.4404040404040368,64789.26150226593,50.0,8850.3,0.6,3512.8
277,2780,5170.8,0.43838383838383477,64993.39600157738,55.2,9031.4,20.2,5170.8
278,2790,3977.4,0.43636363636363273,65159.77700161934,38.8,7463.2,0.6,3977.4
279,2800,9716.4,0.4343434343434307,65420.367002010345,59.6,10586.8,58.8,9716.4
280,2810,3823.6,0.43232323232322867,65692.9175093174,76.5,12781.5,5.6,3823.6
281,2820,9838.2,0.43030303030302663,65996.55100131035,74.2,12617.4,56.6,9838.2
282,2830,3566.4,0.4282828282828246,66215.98200082779,57.7,10215.6,0.8,3566.4
283,2840,3112.0,0.42626262626262257,66329.04100108147,22.2,4847.4,0.8,3112.0
284,2850,3975.0,0.42424242424242053,66634.3210015297,82.7,14579.4,0.8,3975.0
285,2860,3133.2,0.4222222222222185,66851.88400053978,60.6,10212.9,1.6,3133.2
286,2870,5214.0,0.42020202020201647,67083.60350084305,59.7,10389.0,19.0,5214.0
287,2880,3732.0,0.41818181818181444,67216.39450144768,29.3,5701.4,0.8,3732.0
288,2890,3398.6,0.4161616161616124,67470.2520005703,71.3,12005.1,4.6,3398.6
289,2900,10592.6,0.41414141414141037,67751.65100264549,68.1,11493.2,65.2,10592.6
290,2910,3652.0,0.41212121212120834,68007.68450188637,73.3,11947.4,0.8,3652.0
291,2920,3606.0,0.4101010101010063,68130.7385005951,22.6,5271.4,0.8,3606.0
292,2930,8439.4,0.40808080808080427,68382.7495007515,59.4,10492.3,46.0,8439.4
293,2940,3857.6,0.40606060606060224,68599.84750294685,54.8,10082.2,0.8,3857.6
294,2950,8205.4,0.4040404040404002,68818.62600111961,51.8,8923.6,42.4,8205.4
295,2960,3901.0,0.40202020202019817,69084.6270005703,75.6,12611.8,1.0,3901.0
296,2970,3923.2,0.39999999999999614,69241.20150089264,35.9,7039.3,0.8,3923.2
297,2980,3837.6,0.3979797979797941,69466.2160012722,61.2,10496.1,1.0,3837.6
298,2990,6025.0,0.39595959595959207,69638.45050239563,41.9,7174.4,29.6,6025.0
299,3000,5169.8,0.39393939393939004,69865.68001127243,58.6,10152.5,17.0,5169.8
300,3010,3539.6,0.391919191919188,70079.20900058746,55.1,9902.3,0.6,3539.6
301,3020,7972.4,0.38989898989898597,70361.83450198174,73.9,12325.4,44.0,7972.4
302,3030,3800.4,0.38787878787878394,70614.4725010395,69.9,11916.9,1.0,3800.4
303,3040,9662.2,0.3858585858585819,70840.593501091,46.1,8909.5,56.4,9662.2
304,3050,8489.8,0.38383838383837987,71080.62050056458,59.2,10014.6,51.4,8489.8
305,3060,6916.2,0.38181818181817784,71240.95800256729,29.1,6308.4,28.6,6916.2
306,3070,3943.8,0.3797979797979758,71387.00600099564,31.4,6352.3,9.6,3943.8
307,3080,3693.4,0.37777777777777377,71523.32200074196,29.7,5951.9,0.8,3693.4
308,3090,7614.4,0.37575757575757174,71853.64050078392,88.6,14851.6,32.4,7614.4
309,3100,3800.8,0.3737373737373697,72080.10351204872,60.0,10535.5,1.0,3800.8
310,3110,3525.6,0.37171717171716767,72309.84850335121,64.0,10762.3,1.0,3525.6
311,3120,3822.8,0.36969696969696564,72609.06350111961,84.5,14109.2,1.0,3822.8
312,3130,2996.4,0.3676767676767636,72741.13550043106,26.2,5912.0,0.8,2996.4
313,3140,13414.0,0.36565656565656157,72954.03700089455,40.6,7260.6,87.2,13414.0
314,3150,3735.6,0.36363636363635954,73214.3900001049,72.8,12261.5,1.0,3735.6
315,3160,4944.8,0.3616161616161575,73438.7210009098,58.7,10130.0,16.8,4944.8
316,3170,3618.0,0.35959595959595547,73739.76950025558,85.2,14276.4,1.0,3618.0
317,3180,3834.6,0.35757575757575344,73876.4825015068,31.2,5999.8,0.8,3834.6
318,3190,6129.0,0.3555555555555514,74049.40050053596,43.3,7208.5,33.8,6129.0
319,3200,3900.2,0.3535353535353494,74173.58600091934,25.1,5345.1,1.0,3900.2
320,3210,11892.2,0.35151515151514734,74458.08900046349,64.8,11409.5,73.8,11892.2
321,3220,3785.2,0.3494949494949453,74733.46200037003,78.3,12954.1,1.0,3785.2
322,3230,7262.2,0.3474747474747433,74921.41800022125,38.6,7576.5,32.8,7262.2
323,3240,3782.4,0.34545454545454124,75149.77650046349,59.3,10585.6,1.0,3782.4
324,3250,6598.0,0.3434343434343392,75307.58650135994,33.8,6338.2,27.4,6598.0
325,3260,3596.4,0.3414141414141372,75503.38300037384,48.5,8972.0,1.0,3596.4
326,3270,8365.8,0.33939393939393514,75741.18400168419,53.3,9911.9,47.0,8365.8
327,3280,3793.8,0.3373737373737331,75937.23050093651,54.2,9033.7,0.8,3793.8
328,3290,7528.8,0.3353535353535311,76197.82850170135,65.7,11285.2,45.2,7528.8
329,3300,3774.4,0.33333333333332904,76474.18150234222,76.6,12944.1,1.0,3774.4
330,3310,3679.4,0.331313131313127,76666.12600064278,50.1,8787.6,1.0,3679.4
331,3320,3808.2,0.329292929292925,76806.22350287437,30.0,6100.6,0.8,3808.2
332,3330,10352.2,0.32727272727272294,77036.15550208092,48.3,9021.9,58.6,10352.2
333,3340,8717.0,0.3252525252525209,77226.58350038528,37.3,7412.7,52.6,8717.0
334,3350,7232.0,0.3232323232323189,77441.65550088882,48.9,9027.8,36.2,7232.0
335,3360,9320.4,0.32121212121211684,77673.92750144005,52.5,9377.4,56.4,9320.4
336,3370,3511.6,0.3191919191919148,77888.79399991035,56.6,9967.3,0.8,3511.6
337,3380,10493.2,0.3171717171717128,78078.36600136757,36.4,6796.3,63.6,10493.2
338,3390,5868.4,0.31515151515151074,78227.37300157547,31.8,6034.0,23.4,5868.4
339,3400,3460.4,0.3131313131313087,78414.16950178146,47.8,8658.3,1.0,3460.4
340,3410,11079.6,0.3111111111111067,78763.14600133896,89.1,14817.9,66.0,11079.6
341,3420,3776.2,0.30909090909090464,78950.61350011826,43.4,8573.9,1.0,3776.2
342,3430,3766.8,0.3070707070707026,79138.38800144196,45.0,8510.4,1.0,3766.8
343,3440,3512.2,0.3050505050505006,79296.78400158882,34.2,6979.1,1.0,3512.2
344,3450,3802.4,0.30303030303029854,79525.03150343895,59.7,10343.5,0.8,3802.4
345,3460,3704.4,0.3010101010100965,79768.5175011158,65.8,11333.6,1.0,3704.4
346,3470,3588.6,0.2989898989898945,79991.00700116158,60.7,10346.5,1.0,3588.6
347,3480,2331.6,0.29696969696969244,80199.11850214005,52.9,10024.2,0.6,2331.6
348,3490,8786.8,0.2949494949494904,80388.74800181389,36.9,7252.3,52.2,8786.8
349,3500,3811.6,0.2929292929292884,80633.26850175858,64.4,11345.2,1.0,3811.6
350,3510,3675.6,0.29090909090908634,80858.73300170898,60.8,10358.8,1.0,3675.6
351,3520,6050.0,0.2888888888888843,81129.81750106812,69.0,12003.6,31.6,6050.0
352,3530,10792.2,0.2868686868686823,81458.62250137329,81.2,13798.6,64.8,10792.2
353,3540,3706.0,0.28484848484848024,81646.5515024662,47.5,8652.7,0.8,3706.0
354,3550,4283.6,0.2828282828282782,81806.19350004196,34.9,6993.1,0.6,4283.6
355,3560,3562.4,0.2808080808080762,82047.81950116158,62.1,10837.0,4.0,3562.4
356,3570,3772.6,0.27878787878787414,82224.38000702858,42.9,7924.1,1.0,3772.6
357,3580,3937.8,0.2767676767676721,82449.8050019741,59.2,10489.6,1.0,3937.8
358,3590,3488.2,0.2747474747474701,82628.49350118637,45.4,8120.0,1.0,3488.2
359,3600,3808.6,0.27272727272726804,82812.12900066376,46.6,8312.5,0.8,3808.6
360,3610,3568.2,0.270707070707066,82964.59100079536,39.5,6852.0,0.8,3568.2
361,3620,3691.6,0.268686868686864,83144.95950078964,42.7,8302.5,0.8,3691.6
362,3630,3769.4,0.26666666666666194,83290.6320014,30.8,6346.3,1.0,3769.4
363,3640,8884.6,0.2646464646464599,83465.25400137901,35.8,6582.7,44.6,8884.6
364,3650,3908.6,0.2626262626262579,83722.61300110817,66.1,11598.4,1.0,3908.6
365,3660,3760.0,0.26060606060605584,83865.17350149155,34.6,6373.1,1.0,3760.0
366,3670,3705.0,0.2585858585858538,84080.13050198555,56.1,9674.2,0.8,3705.0
367,3680,3707.4,0.2565656565656518,84237.76700115204,35.0,7079.3,0.8,3707.4
368,3690,3975.8,0.25454545454544975,84385.43250179291,30.5,6487.4,1.0,3975.8
369,3700,5313.0,0.2525252525252477,84571.24350094795,43.2,8026.8,19.4,5313.0
370,3710,9639.2,0.2505050505050457,84870.4460015297,74.0,12654.3,58.8,9639.2
371,3720,3817.4,0.24848484848484365,85111.10250115395,63.9,11235.3,1.0,3817.4
372,3730,8049.6,0.2464646464646416,85384.01650166512,67.2,11703.9,41.2,8049.6
373,3740,4976.8,0.24444444444443958,85555.75900101662,39.6,7305.1,16.6,4976.8
374,3750,3594.8,0.24242424242423755,85691.7575032711,30.0,5932.4,0.8,3594.8
375,3760,4444.2,0.2404040404040355,85889.49900221825,46.3,8810.3,9.4,4444.2
376,3770,3804.0,0.23838383838383348,86124.50850105286,62.1,10853.7,0.6,3804.0
377,3780,3506.8,0.23636363636363145,86370.8310008049,58.7,10108.4,1.0,3506.8
378,3790,3774.0,0.2343434343434294,86587.60100960732,55.9,9586.5,0.8,3774.0
379,3800,4010.4,0.23232323232322738,86749.03150129318,37.9,7057.9,1.0,4010.4
380,3810,3781.2,0.23030303030302535,86900.73000097275,36.2,6685.6,0.8,3781.2
381,3820,3627.4,0.2282828282828233,87114.85450172424,58.0,9862.2,1.2,3627.4
382,3830,3793.8,0.22626262626262128,87265.7100007534,34.5,6620.4,0.8,3793.8
383,3840,3735.0,0.22424242424241925,87456.69150161743,50.4,8709.4,0.8,3735.0
384,3850,3812.6,0.22222222222221721,87627.9735031128,45.1,7691.8,1.0,3812.6
385,3860,3997.4,0.22020202020201518,87861.46300148964,63.3,10669.7,0.6,3997.4
386,3870,5936.8,0.21818181818181315,88098.16000533104,54.8,10149.5,32.6,5936.8
387,3880,3728.8,0.21616161616161111,88311.05000162125,53.9,9801.8,0.8,3728.8
388,3890,3902.8,0.21414141414140908,88427.45400094986,21.2,4819.6,4.6,3902.8
389,3900,5793.8,0.21212121212120705,88629.13800048828,47.1,8671.2,23.2,5793.8
390,3910,3747.2,0.21010101010100501,88842.1215004921,56.5,9755.3,7.6,3747.2
391,3920,9964.4,0.20808080808080298,89060.29850196838,44.3,8259.6,59.2,9964.4
392,3930,7995.6,0.20606060606060095,89371.62300109863,79.9,13415.7,48.0,7995.6
393,3940,2353.6,0.20404040404039891,89543.17250132561,47.3,8002.5,0.2,2353.6
394,3950,3711.0,0.20202020202019688,89716.06100177765,40.5,7670.4,0.8,3711.0
395,3960,3819.2,0.19999999999999485,89871.54400062561,35.4,6880.1,0.8,3819.2
396,3970,13555.4,0.19797979797979282,90077.91550159454,35.7,6934.0,79.2,13555.4
397,3980,3802.8,0.19595959595959078,90222.39200115204,33.7,6368.8,1.0,3802.8
398,3990,3645.8,0.19393939393938875,90336.56000900269,22.3,4792.1,1.0,3645.8
399,4000,3709.2,0.19191919191918672,90516.45550107956,41.2,8153.6,0.8,3709.2
400,4010,3744.0,0.18989898989898468,90733.28500366211,55.4,10009.9,0.8,3744.0
401,4020,10764.6,0.18787878787878265,90978.01050019264,53.6,9554.2,60.8,10764.6
402,4030,3875.6,0.18585858585858062,91236.19700050354,64.5,11935.3,0.6,3875.6
403,4040,6186.8,0.18383838383837858,91391.11500072479,31.0,6109.3,32.2,6186.8
404,4050,3780.8,0.18181818181817655,91574.25650238991,45.4,8324.1,0.8,3780.8
405,4060,3825.2,0.17979797979797452,91764.11650109291,47.4,8630.1,1.0,3825.2
406,4070,9397.4,0.17777777777777248,91917.96400046349,27.2,5233.8,59.4,9397.4
407,4080,3764.2,0.17575757575757045,92042.23850083351,27.3,5265.2,1.0,3764.2
408,4090,3788.2,0.17373737373736842,92319.67700123787,75.5,13065.2,0.8,3788.2
409,4100,3740.4,0.17171717171716638,92518.62850165367,47.9,9005.2,1.0,3740.4
410,4110,3740.2,0.16969696969696435,92696.98600172997,45.2,8031.8,1.0,3740.2
411,4120,3523.4,0.16767676767676232,92896.56100177765,51.3,9201.3,1.0,3523.4
412,4130,10660.2,0.16565656565656028,93121.62200331688,49.4,8502.9,62.0,10660.2
413,4140,3789.8,0.16363636363635825,93288.46850180626,36.6,7368.7,0.8,3789.8
414,4150,13625.6,0.16161616161615622,93499.29200172424,37.2,6971.1,82.0,13625.6
415,4160,3687.2,0.15959595959595418,93692.75300073624,46.9,8781.2,0.8,3687.2
416,4170,3567.0,0.15757575757575215,93851.85400056839,36.5,7044.0,1.0,3567.0
417,4180,3663.0,0.15555555555555012,93997.8970003128,30.9,6301.8,1.0,3663.0
418,4190,3436.4,0.15353535353534808,94138.22100496292,33.7,6084.3,1.0,3436.4
419,4200,3739.4,0.15151515151514605,94281.6425011158,31.9,6231.6,0.8,3739.4
420,4210,3598.0,0.14949494949494402,94443.87200021744,38.0,7130.7,0.8,3598.0
421,4220,8309.8,0.14747474747474199,94609.14450192451,30.0,6007.4,51.0,8309.8
422,4230,15875.2,0.14545454545453995,94826.60000109673,36.2,6847.2,90.6,15875.2
423,4240,3906.6,0.14343434343433792,95010.21450281143,39.9,8202.7,1.0,3906.6
424,4250,3958.4,0.14141414141413589,95202.81350064278,46.9,8645.5,0.6,3958.4
425,4260,3753.4,0.13939393939393385,95363.90150260925,39.4,7160.9,1.0,3753.4
426,4270,2453.2,0.13737373737373182,95530.61250114441,40.5,7781.4,0.4,2453.2
427,4280,3142.8,0.13535353535352979,95697.86600136757,38.4,7616.0,0.8,3142.8
428,4290,3012.8,0.13333333333332775,95865.53850197792,38.8,7692.0,0.4,3012.8
429,4300,3831.0,0.13131313131312572,96021.1160018444,34.1,6818.2,0.8,3831.0
430,4310,3746.8,0.1292929292929237,96148.706001997,28.1,5464.9,0.8,3746.8
431,4320,3791.4,0.12727272727272165,96344.73350071907,47.8,8878.0,1.0,3791.4
432,4330,3608.0,0.12525252525251962,96506.07650589943,36.9,7173.5,1.0,3608.0
433,4340,3770.0,0.12323232323231759,96646.42850017548,29.5,6086.9,1.0,3770.0
434,4350,3802.8,0.12121212121211555,96772.00250124931,24.0,5358.2,0.6,3802.8
435,4360,3764.2,0.11919191919191352,96890.69750070572,21.9,5065.9,1.0,3764.2
436,4370,4100.8,0.11717171717171149,97107.57450246811,50.0,9178.2,0.6,4100.8
437,4380,3620.6,0.11515151515150945,97242.1385011673,26.3,5723.3,0.6,3620.6
438,4390,1627.2,0.11313131313130742,97459.5965013504,58.0,10225.9,0.2,1627.2
439,4400,3755.2,0.11111111111110539,97664.620500803,50.2,9033.9,1.0,3755.2
440,4410,3783.4,0.10909090909090335,97801.2315030098,24.8,5693.3,1.0,3783.4
441,4420,3856.6,0.10707070707070132,97952.85450220108,33.9,6507.2,0.8,3856.6
442,4430,3750.4,0.10505050505049929,98095.86850166321,29.4,6036.7,1.0,3750.4
443,4440,8530.6,0.10303030303029725,98299.83400058746,37.2,7571.2,46.2,8530.6
444,4450,3919.4,0.10101010101009522,98456.15350031853,36.7,6705.3,1.0,3919.4
445,4460,3846.2,0.09898989898989319,98592.1060013771,27.8,5713.5,1.0,3846.2
446,4470,3863.4,0.09696969696969115,98791.74150180817,43.8,8634.6,1.0,3863.4
447,4480,3817.0,0.09494949494948912,98962.814504385,36.1,7278.7,1.0,3817.0
448,4490,6936.2,0.09292929292928709,99097.02750015259,20.8,4795.2,36.0,6936.2
449,4500,3942.0,0.09090909090908506,99232.06200051308,26.5,5634.5,0.6,3942.0
450,4510,8750.6,0.08888888888888302,99428.45400071144,39.4,7526.0,50.0,8750.6
451,4520,3612.2,0.08686868686868099,99585.60300207138,34.9,6922.1,1.0,3612.2
452,4530,3038.2,0.08484848484847896,99697.41950106621,21.0,4805.9,0.8,3038.2
453,4540,13151.4,0.08282828282827692,99948.92850112915,47.4,9191.0,80.0,13151.4
454,4550,3813.2,0.08080808080807489,100106.19350004196,34.4,6900.8,0.8,3813.2
455,4560,3750.8,0.07878787878787286,100261.07899999619,29.9,6818.7,1.0,3750.8
456,4570,3049.6,0.07676767676767082,100408.62100148201,32.3,6658.3,0.8,3049.6
457,4580,3788.2,0.07474747474746879,100499.27650165558,13.9,3594.4,0.8,3788.2
458,4590,3917.4,0.07272727272726676,100656.09400033951,34.5,6915.2,0.8,3917.4
459,4600,3735.2,0.07070707070706472,100803.46950054169,32.0,6387.8,1.0,3735.2
460,4610,3864.8,0.06868686868686269,100950.11250138283,31.4,6295.1,1.0,3864.8
461,4620,3811.0,0.06666666666666066,101103.50850081444,32.7,6696.3,0.6,3811.0
462,4630,9558.0,0.06464646464645862,101272.02350330353,28.2,5873.7,57.4,9558.0
463,4640,3506.0,0.06262626262625659,101406.68850159645,29.8,5876.2,1.0,3506.0
464,4650,7364.0,0.06060606060605456,101551.27800035477,26.9,5327.0,44.4,7364.0
465,4660,3084.0,0.058585858585852524,101673.38000106812,23.9,5347.3,0.4,3084.0
466,4670,3863.0,0.05656565656565049,101820.37450051308,29.4,6374.5,1.0,3863.0
467,4680,3781.2,0.05454545454544846,101982.29400110245,32.5,7129.5,0.8,3781.2
468,4690,11004.0,0.052525252525246424,102190.08000016212,34.7,7475.9,66.4,11004.0
469,4700,3944.6,0.05050505050504439,102302.43000078201,19.8,4645.0,1.0,3944.6
470,4710,3749.4,0.04848484848484236,102430.79850244522,25.1,5444.1,1.0,3749.4
471,4720,3758.0,0.046464646464640325,102571.562002182,29.5,6054.4,1.0,3758.0
472,4730,3552.8,0.04444444444443829,102692.32750368118,22.6,5120.6,0.8,3552.8
473,4740,5930.8,0.04242424242423626,102825.98599982262,24.0,5087.2,36.6,5930.8
474,4750,4233.8,0.040404040404034225,102954.65150141716,23.8,5373.3,22.0,4233.8
475,4760,9298.8,0.03838383838383219,103113.99550056458,26.5,5651.1,56.0,9298.8
476,4770,3464.0,0.03636363636363016,103301.36450266838,41.5,8516.5,1.0,3464.0
477,4780,3740.0,0.034343434343428125,103438.08250236511,26.6,5924.9,0.8,3740.0
478,4790,3907.8,0.03232323232322609,103567.94750094414,30.0,6176.7,0.6,3907.8
479,4800,3800.2,0.03030303030302406,103697.3130004406,29.4,6199.8,1.0,3800.2
480,4810,3788.2,0.028282828282822026,103825.6655011177,30.6,6319.0,0.8,3788.2
481,4820,3907.6,0.026262626262619992,103975.27750205994,33.1,7277.8,0.8,3907.6
482,4830,3674.2,0.02424242424241796,104089.04050183296,24.5,5357.7,1.0,3674.2
483,4840,8974.2,0.022222222222215926,104249.2120001316,29.8,6523.8,50.2,8974.2
484,4850,3847.0,0.020202020202013893,104399.48450016975,33.0,7348.9,0.8,3847.0
485,4860,3764.8,0.02,104507.22250056267,20.8,4969.9,0.8,3764.8
486,4870,8530.4,0.02,104667.00650143623,28.1,6680.6,50.4,8530.4
487,4880,3794.8,0.02,104782.42400121689,22.7,5434.4,1.0,3794.8
488,4890,3946.8,0.02,104908.69200086594,27.6,5982.6,0.8,3946.8
489,4900,3749.0,0.02,105039.48500084877,28.3,6314.5,1.0,3749.0
490,4910,3485.0,0.02,105145.15600085258,22.8,5009.4,0.8,3485.0
491,4920,3855.4,0.02,105290.53500008583,32.3,7117.2,1.0,3855.4
492,4930,3666.8,0.02,105432.94000029564,34.9,6971.3,1.0,3666.8
493,4940,3886.8,0.02,105542.74200105667,23.3,5102.3,0.8,3886.8
494,4950,3793.2,0.02,105646.33300065994,19.8,4796.0,0.8,3793.2
495,4960,8150.0,0.02,105793.8675005436,25.2,5667.1,50.4,8150.0
496,4970,3843.8,0.02,105932.5235004425,30.8,6627.6,0.8,3843.8
497,4980,2341.0,0.02,106027.08450078964,17.5,4592.8,0.6,2341.0
498,4990,3887.4,0.02,106158.2475001812,28.0,6169.8,1.0,3887.4
499,5000,3817.4,0.02,106257.26050186157,16.7,4429.6,1.0,3817.4
