,episode,test_success_ratio,epsilon,time,train_score,train_mean_steps,test_score,test_mean_steps
0,10,4062.8,0.9897959183673468,165.68880891799927,35.9,10549.3,0.6,4062.8
1,20,4581.2,0.9795918367346936,482.2260060310364,57.8,15632.1,8.2,4581.2
2,30,4620.8,0.9693877551020404,825.0386600494385,48.8,13681.7,13.2,4620.8
3,40,3981.4,0.9591836734693873,1155.9019136428833,49.4,13345.5,0.4,3981.4
4,50,3883.4,0.9489795918367341,1468.3519575595856,40.8,11645.3,0.6,3883.4
5,60,4014.6,0.9387755102040809,1758.2196009159088,39.0,11780.3,1.0,4014.6
6,70,4408.4,0.9285714285714277,2159.246129512787,56.6,16108.3,0.8,4408.4
7,80,4146.8,0.9183673469387745,2411.4691064357758,30.3,9605.3,0.6,4146.8
8,90,11910.4,0.9081632653061213,2727.74715590477,35.5,10593.5,40.6,11910.4
9,100,7296.2,0.8979591836734682,3228.068885564804,36.9,11363.6,24.0,7296.2
10,110,4216.8,0.887755102040815,3679.5726964473724,41.8,11411.2,0.6,4216.8
11,120,4151.6,0.8775510204081618,4232.650435447693,46.2,13305.8,1.0,4151.6
12,130,8398.2,0.8673469387755086,4881.8089718818665,50.6,14522.6,29.8,8398.2
13,140,4029.2,0.8571428571428554,5382.53037571907,39.6,11466.9,0.6,4029.2
14,150,3955.6,0.8469387755102022,5854.34481549263,40.9,11525.9,0.6,3955.6
15,160,8096.4,0.8367346938775491,6319.055891752243,35.8,10169.2,28.2,8096.4
16,170,6708.0,0.8265306122448959,6811.131434202194,37.8,10880.6,21.4,6708.0
17,180,4204.2,0.8163265306122427,7460.481776714325,52.2,16375.0,0.8,4204.2
18,190,3893.2,0.8061224489795895,8091.819041013718,56.5,15926.0,1.0,3893.2
19,200,4160.0,0.7959183673469363,8611.378862142563,45.2,12837.8,0.8,4160.0
20,210,9025.8,0.7857142857142831,9179.85605096817,45.4,12889.3,30.0,9025.8
21,220,12318.6,0.77551020408163,9656.094698429108,32.6,9285.6,40.8,12318.6
22,230,3960.0,0.7653061224489768,10066.977525949478,35.5,10450.6,0.8,3960.0
23,240,3950.0,0.7551020408163236,10469.367156028748,31.2,9288.0,0.6,3950.0
24,250,15590.0,0.7448979591836704,11081.337898731232,40.1,11101.9,58.6,15590.0
25,260,3978.2,0.7346938775510172,11502.75851392746,36.5,10430.8,0.6,3978.2
26,270,4153.2,0.724489795918364,11870.736280679703,32.8,9111.1,1.0,4153.2
27,280,3800.8,0.7142857142857109,12344.3275244236,40.4,11606.8,0.6,3800.8
28,290,4221.6,0.7040816326530577,12766.373089313507,35.1,10470.3,0.8,4221.6
29,300,3877.6,0.6938775510204045,13338.078429460526,46.8,13646.4,0.6,3877.6
30,310,3978.0,0.6836734693877513,13752.01744222641,31.0,9482.9,0.8,3978.0
31,320,4125.8,0.6734693877550981,14161.81890821457,29.7,9725.7,1.0,4125.8
32,330,4018.6,0.6632653061224449,14690.664827346802,45.5,12662.8,0.8,4018.6
33,340,3894.2,0.6530612244897918,15034.19384932518,27.1,7919.5,0.4,3894.2
34,350,4047.2,0.6428571428571386,15520.702020168304,41.4,11586.9,0.8,4047.2
35,360,3917.4,0.6326530612244854,16038.34057021141,47.9,13078.0,1.0,3917.4
36,370,4394.4,0.6224489795918322,16564.695261478424,48.4,12831.1,1.0,4394.4
37,380,4187.8,0.612244897959179,17121.718426465988,47.8,13378.8,0.6,4187.8
38,390,8272.2,0.6020408163265258,17579.074457645416,35.0,9755.2,25.2,8272.2
39,400,14284.2,0.5918367346938727,18255.617848157883,50.2,14134.9,49.2,14284.2
40,410,4150.4,0.5816326530612195,18832.39918279648,50.4,14570.3,1.0,4150.4
41,420,15523.2,0.5714285714285663,19381.57067489624,35.9,10811.7,59.6,15523.2
42,430,4021.8,0.5612244897959131,19821.617859363556,37.7,10692.4,1.0,4021.8
43,440,3868.2,0.5510204081632599,20337.4754011631,45.3,12883.9,1.0,3868.2
44,450,3946.6,0.5408163265306067,20727.869772672653,31.3,9427.3,0.4,3946.6
45,460,4236.6,0.5306122448979536,21154.846371412277,35.6,10379.2,0.8,4236.6
46,470,3764.2,0.5204081632653004,21533.85491156578,29.9,9113.7,1.0,3764.2
47,480,6089.4,0.5102040816326472,22053.259598970413,41.0,12121.8,21.6,6089.4
48,490,8723.6,0.499999999999994,22644.35100221634,46.5,13213.6,29.8,8723.6
49,500,11637.0,0.4897959183673408,23277.00276374817,47.8,13178.7,42.6,11637.0
50,510,4250.4,0.47959183673468764,23630.245450735092,25.8,7966.3,1.0,4250.4
51,520,4050.0,0.46938775510203445,24195.46091914177,46.1,13749.6,0.4,4050.0
52,530,4262.0,0.45918367346938127,24756.03396320343,47.1,13518.6,0.8,4262.0
53,540,3921.4,0.4489795918367281,25320.33625769615,47.4,14041.1,0.6,3921.4
54,550,3929.6,0.4387755102040749,25822.49315071106,42.2,12182.1,0.8,3929.6
55,560,14928.0,0.4285714285714217,26523.76884675026,53.5,14523.6,51.4,14928.0
56,570,4197.0,0.41836734693876854,27250.336973190308,62.7,17722.8,1.0,4197.0
57,580,4170.4,0.40816326530611535,27705.33400273323,37.3,11070.3,0.8,4170.4
58,590,3844.2,0.39795918367346217,28206.390878915787,45.0,12571.2,0.8,3844.2
59,600,3793.8,0.387755102040809,28766.689264297485,47.3,13790.6,0.6,3793.8
60,610,3961.8,0.3775510204081558,29158.32576084137,31.5,9115.9,0.8,3961.8
61,620,3821.0,0.3673469387755026,29578.288493156433,36.0,10378.4,0.8,3821.0
62,630,4068.0,0.35714285714284943,30110.3144094944,42.9,12691.1,0.8,4068.0
63,640,9031.2,0.34693877551019625,30741.8787252903,48.7,14093.1,29.6,9031.2
64,650,7463.2,0.33673469387754307,31265.74229478836,38.5,11261.7,25.2,7463.2
65,660,4229.0,0.3265306122448899,31890.2199075222,52.2,14764.0,1.0,4229.0
66,670,3848.6,0.3163265306122367,32305.557044506073,32.0,9632.9,0.8,3848.6
67,680,4309.6,0.3061224489795835,32938.594069480896,57.4,15697.7,0.6,4309.6
68,690,9130.4,0.29591836734693033,33467.65431928635,40.6,11162.8,30.8,9130.4
69,700,8075.4,0.28571428571427715,34095.87537026405,53.4,14524.2,25.6,8075.4
70,710,3845.6,0.27551020408162397,34403.38407373428,20.8,7412.9,0.6,3845.6
71,720,13027.2,0.2653061224489708,35034.44870972633,48.2,13124.1,42.6,13027.2
72,730,7442.2,0.2551020408163176,35543.00517821312,39.1,11299.9,25.8,7442.2
73,740,3978.0,0.24489795918366442,36150.8646607399,51.5,14868.0,0.4,3978.0
74,750,4028.2,0.23469387755101123,36713.920620918274,48.8,14166.0,0.6,4028.2
75,760,4132.8,0.22448979591835805,37053.72865104675,23.7,7702.9,0.4,4132.8
76,770,4151.0,0.21428571428570486,37573.43870973587,43.2,12636.1,0.8,4151.0
77,780,4065.0,0.20408163265305168,38039.657808065414,34.2,10900.6,1.0,4065.0
78,790,4041.0,0.1938775510203985,38454.13538098335,28.8,9561.9,1.0,4041.0
79,800,12241.6,0.18367346938774531,39009.50752902031,37.9,11586.0,44.8,12241.6
80,810,4289.8,0.17346938775509213,39332.51219511032,21.4,7225.1,0.6,4289.8
81,820,4062.4,0.16326530612243895,39767.541368961334,33.0,9964.8,0.8,4062.4
82,830,4085.4,0.15306122448978576,40151.58904838562,29.9,8991.0,0.8,4085.4
83,840,3767.8,0.14285714285713258,40626.90567159653,38.7,10941.5,0.8,3767.8
84,850,3980.0,0.1326530612244794,41128.96807909012,42.3,11833.9,1.0,3980.0
85,860,4121.4,0.12244897959182625,41652.07278251648,43.9,12188.7,0.4,4121.4
86,870,3973.0,0.11224489795917321,42013.64730501175,26.7,8621.0,0.8,3973.0
87,880,12084.2,0.10204081632652016,42602.83287835121,38.8,11293.0,42.2,12084.2
88,890,3858.0,0.09183673469386712,43250.02769327164,50.2,15071.5,0.8,3858.0
89,900,3824.2,0.08163265306121407,43685.0447640419,35.8,10380.2,0.8,3824.2
90,910,3924.8,0.07142857142856103,44310.3192358017,50.3,14320.2,1.0,3924.8
91,920,4282.6,0.061224489795907985,44874.39934849739,45.5,13101.1,1.0,4282.6
92,930,12152.2,0.05102040816325494,45449.61416196823,39.7,11245.8,47.2,12152.2
93,940,3882.4,0.040816326530601896,45848.08874845505,29.6,9028.1,0.6,3882.4
94,950,3994.0,0.03061224489794885,46501.316912174225,56.4,16313.1,0.8,3994.0
95,960,6833.2,0.020408163265295806,46941.94882774353,30.6,9610.0,22.6,6833.2
96,970,7428.6,0.02,47578.464787483215,52.0,14357.0,26.8,7428.6
97,980,4023.0,0.02,48024.78913640976,36.3,10080.8,1.0,4023.0
98,990,4058.4,0.02,48568.31166243553,42.7,12317.4,0.8,4058.4
99,1000,4104.8,0.02,49117.34570503235,44.2,12351.7,0.6,4104.8
