,episode,test_success_ratio,epsilon,time,train_score,train_mean_steps,test_score,test_mean_steps
0,5,0.5299642857142857,0.9947368421052629,140.51371502876282,,,0.75,7419.5
1,10,0.39682142857142855,0.9894736842105258,275.0127761363983,10.7,12922.5,0.25,5555.5
2,15,0.38739285714285715,0.9842105263157888,403.0020546913147,9.7,11856.6,0.25,5423.5
3,20,0.9999285714285714,0.9789473684210517,560.1469533443451,10.1,12525.3,11.5,13999.0
4,25,0.49889285714285714,0.9736842105263146,704.9703688621521,8.3,12738.6,0.5,6984.5
5,30,0.5140714285714286,0.9684210526315775,824.1657547950745,6.7,11325.1,0.75,7197.0
6,35,0.4585892857142857,0.9631578947368404,982.5227551460266,8.6,12177.7,0.5,6420.25
7,40,0.41798214285714286,0.9578947368421034,1137.3387246131897,11.4,14000.0,0.25,5851.75
8,45,0.45648214285714284,0.9526315789473663,1274.4577310085297,11.2,13016.0,0.5,6390.75
9,50,0.9999285714285714,0.9473684210526292,1432.1750056743622,10.1,11956.6,11.25,13999.0
10,55,0.6053214285714286,0.9421052631578921,1594.2208621501923,10.9,12940.6,1.0,8474.5
11,60,0.9999285714285714,0.936842105263155,1765.3831629753113,12.4,13605.0,10.5,13999.0
12,65,0.44058928571428574,0.931578947368418,1906.3882236480713,10.7,12788.4,0.25,6168.25
13,70,0.3985714285714286,0.9263157894736809,2061.10361123085,9.8,13144.2,0.25,5580.0
14,75,0.36626785714285715,0.9210526315789438,2211.8335127830505,11.0,13780.7,0.25,5127.75
15,80,0.46582142857142855,0.9157894736842067,2337.1687121391296,9.3,12270.9,0.5,6521.5
16,85,0.5500178571428571,0.9105263157894696,2495.09304356575,9.7,12451.0,0.75,7700.25
17,90,0.9999285714285714,0.9052631578947326,2675.090610265732,11.2,14000.0,11.5,13999.0
18,95,0.6035178571428571,0.8999999999999955,2831.260509490967,10.4,13791.1,0.75,8449.25
19,100,0.9999285714285714,0.8947368421052584,2996.947453737259,9.1,13471.7,9.5,13999.0
20,105,0.5992857142857143,0.8894736842105213,3140.9795908927917,9.3,12755.4,0.75,8390.0
21,110,0.5423214285714286,0.8842105263157842,3284.102518081665,10.0,12452.5,0.25,7592.5
22,115,0.9999285714285714,0.8789473684210471,3458.5116517543793,9.0,13191.7,10.75,13999.0
23,120,0.4788392857142857,0.8736842105263101,3616.286784887314,10.4,13814.0,0.5,6703.75
24,125,0.379125,0.868421052631573,3771.5760095119476,11.8,14000.0,0.25,5307.75
25,130,0.5223392857142857,0.8631578947368359,3911.7643127441406,10.1,12906.7,0.75,7312.75
26,135,0.5581607142857142,0.8578947368420988,4057.288727283478,8.3,12100.1,0.75,7814.25
27,140,0.9999285714285714,0.8526315789473617,4233.897027492523,9.3,13193.4,10.5,13999.0
28,145,0.4258392857142857,0.8473684210526247,4359.722616672516,9.7,12437.0,0.25,5961.75
29,150,0.4757857142857143,0.8421052631578876,4490.678808450699,8.0,11215.3,0.5,6661.0
30,155,0.43385714285714283,0.8368421052631505,4644.056516647339,8.4,12556.9,0.5,6074.0
31,160,0.9615,0.8315789473684134,4821.428902387619,11.2,13778.6,9.5,13461.0
32,165,0.9999285714285714,0.8263157894736763,4999.4895033836365,13.4,14000.0,12.0,13999.0
33,170,0.9999285714285714,0.8210526315789393,5175.784114599228,12.4,13876.1,9.75,13999.0
34,175,0.4468214285714286,0.8157894736842022,5323.97448682785,10.9,13358.8,0.5,6255.5
35,180,0.8645892857142857,0.8105263157894651,5488.753777265549,9.8,13103.4,7.25,12104.25
36,185,0.4604285714285714,0.805263157894728,5648.076800107956,10.0,13620.7,0.75,6446.0
37,190,0.8636071428571429,0.7999999999999909,5798.022476911545,9.5,12773.6,9.5,12090.5
38,195,0.9999285714285714,0.7947368421052539,5973.2368330955505,10.3,12513.3,7.5,13999.0
39,200,0.445375,0.7894736842105168,6128.731841802597,12.7,13739.7,0.5,6235.25
40,205,0.5353928571428571,0.7842105263157797,6276.0207233428955,10.8,13298.8,0.75,7495.5
41,210,0.4949642857142857,0.7789473684210426,6417.367902755737,9.9,12607.9,0.75,6929.5
42,215,0.40282142857142855,0.7736842105263055,6558.073426246643,10.3,12520.7,0.25,5639.5
43,220,0.42542857142857143,0.7684210526315685,6714.561896800995,10.9,13180.8,0.5,5956.0
44,225,0.400875,0.7631578947368314,6872.1040234565735,12.0,13961.6,0.5,5612.25
45,230,0.5308571428571428,0.7578947368420943,7018.730710268021,9.7,13410.7,0.75,7432.0
46,235,0.9999285714285714,0.7526315789473572,7188.897506952286,8.6,12879.1,14.0,13999.0
47,240,0.5136964285714286,0.7473684210526201,7321.198089361191,8.9,12020.4,0.75,7191.75
48,245,0.4627857142857143,0.742105263157883,7448.877622127533,8.0,11032.8,0.5,6479.0
49,250,0.4910535714285714,0.736842105263146,7574.5152451992035,7.6,10697.0,0.5,6874.75
50,255,0.4915178571428571,0.7315789473684089,7735.292781829834,10.2,12223.8,0.5,6881.25
51,260,0.9999285714285714,0.7263157894736718,7883.775881290436,11.2,12565.3,9.75,13999.0
52,265,0.6345535714285714,0.7210526315789347,8026.293375492096,9.6,11627.9,1.0,8883.75
53,270,0.5060178571428572,0.7157894736841977,8157.996861219406,8.4,11657.1,0.5,7084.25
54,275,0.9999285714285714,0.7105263157894606,8321.207195281982,8.7,11793.4,9.0,13999.0
55,280,0.39655357142857145,0.7052631578947235,8446.376734018326,8.9,11682.5,0.25,5551.75
56,285,0.8728928571428571,0.6999999999999864,8613.8147585392,8.7,12251.6,8.25,12220.5
57,290,0.9999285714285714,0.6947368421052493,8770.129879713058,9.5,12640.2,10.5,13999.0
58,295,0.5888035714285714,0.6894736842105122,8918.668298244476,8.9,12160.8,0.75,8243.25
59,300,0.9999285714285714,0.6842105263157752,9087.240112543106,9.6,12709.7,11.0,13999.0
60,305,0.9999285714285714,0.6789473684210381,9245.585391521454,10.1,12486.6,9.0,13999.0
61,310,0.5922857142857143,0.673684210526301,9387.91770362854,9.0,11967.4,1.0,8292.0
62,315,0.6632142857142858,0.6684210526315639,9520.976546525955,7.7,11573.8,1.0,9285.0
63,320,0.5297678571428571,0.6631578947368268,9666.841112613678,9.5,11715.3,0.5,7416.75
64,325,0.9999285714285714,0.6578947368420898,9823.74294424057,9.9,11891.9,10.75,13999.0
65,330,0.5535892857142857,0.6526315789473527,9976.088950157166,8.8,12282.2,0.75,7750.25
66,335,0.9999285714285714,0.6473684210526156,10151.95528960228,10.6,13199.9,10.0,13999.0
67,340,0.455125,0.6421052631578785,10291.164123535156,10.0,12771.8,0.5,6371.75
68,345,0.41516071428571427,0.6368421052631414,10442.894481897354,9.5,12728.7,0.5,5812.25
69,350,0.4757321428571429,0.6315789473684044,10576.69335770607,10.1,12393.9,0.5,6660.25
70,355,0.9999285714285714,0.6263157894736673,10756.012332201004,10.1,12670.8,10.75,13999.0
71,360,0.9999285714285714,0.6210526315789302,10936.581767559052,10.7,14000.0,10.25,13999.0
72,365,0.45273214285714286,0.6157894736841931,11090.411872625351,9.7,13592.2,0.5,6338.25
73,370,0.46867857142857144,0.610526315789456,11250.446376800537,11.0,13592.2,0.5,6561.5
74,375,0.4748928571428571,0.605263157894719,11393.359036684036,11.6,12913.5,0.5,6648.5
75,380,0.90875,0.5999999999999819,11557.3733355999,11.0,12219.7,8.25,12722.5
76,385,0.37735714285714284,0.5947368421052448,11713.420905590057,13.0,13306.2,0.25,5283.0
77,390,0.3415892857142857,0.5894736842105077,11871.07329916954,13.5,14000.0,0.25,4782.25
78,395,0.9999285714285714,0.5842105263157706,12028.975142717361,11.2,13242.6,13.0,13999.0
79,400,0.5430714285714285,0.5789473684210336,12155.775650262833,7.9,11393.3,0.75,7603.0
80,405,0.9999285714285714,0.5736842105262965,12333.742415189743,7.7,12026.5,10.75,13999.0
81,410,0.5476607142857143,0.5684210526315594,12476.873151540756,9.3,12901.0,0.75,7667.25
82,415,0.4334642857142857,0.5631578947368223,12620.673545837402,9.2,12144.2,0.5,6068.5
83,420,0.5896607142857143,0.5578947368420852,12767.95511674881,10.5,12279.8,1.0,8255.25
84,425,0.5355,0.5526315789473482,12929.62059044838,12.6,13160.8,0.75,7497.0
85,430,0.5063035714285714,0.5473684210526111,13081.27255320549,12.7,13383.1,0.75,7088.25
86,435,0.42728571428571427,0.542105263157874,13201.797589302063,9.4,11434.9,0.5,5982.0
87,440,0.5417321428571429,0.5368421052631369,13365.594294786453,8.0,12051.8,0.75,7584.25
88,445,0.49158928571428573,0.5315789473683998,13495.579803943634,9.0,12349.3,0.5,6882.25
89,450,0.9999285714285714,0.5263157894736628,13654.692906618118,9.8,11388.8,12.0,13999.0
90,455,0.5122321428571428,0.5210526315789257,13818.444786787033,11.5,13039.5,0.5,7171.25
91,460,0.49057142857142855,0.5157894736841886,13960.218853473663,11.1,12976.8,0.5,6868.0
92,465,0.48514285714285715,0.5105263157894515,14125.780414104462,11.8,12976.8,0.5,6792.0
93,470,0.4366607142857143,0.5052631578947144,14269.162584066391,10.8,13296.8,0.5,6113.25
94,475,0.5060357142857143,0.4999999999999774,14428.087137460709,11.2,13296.8,0.5,7084.5
95,480,0.9999285714285714,0.4947368421052406,14584.81163096428,12.1,12733.8,12.25,13999.0
96,485,0.4291964285714286,0.4894736842105038,14730.363306999207,9.7,11850.5,0.25,6008.75
97,490,0.6497321428571429,0.484210526315767,14899.318487405777,11.3,13116.7,1.0,9096.25
98,495,0.5386071428571428,0.4789473684210302,15059.892407178879,11.9,14000.0,0.75,7540.5
99,500,0.8753571428571428,0.4736842105262934,15225.53583908081,9.4,13506.3,7.75,12255.0
100,505,0.9999285714285714,0.4684210526315566,15378.982615470886,8.9,12035.5,10.75,13999.0
101,510,0.5672678571428571,0.4631578947368198,15546.41221523285,11.1,12529.2,0.75,7941.75
102,515,0.3309107142857143,0.457894736842083,15689.59908914566,11.5,13257.2,0.0,4632.75
103,520,0.4729285714285714,0.4526315789473462,15819.062384605408,9.0,11720.5,0.5,6621.0
104,525,0.5325535714285714,0.4473684210526094,15975.966142177582,9.8,12034.0,0.75,7455.75
105,530,0.5070357142857143,0.4421052631578726,16119.465755224228,10.6,12543.8,0.75,7098.5
106,535,0.49108928571428573,0.43684210526313577,16262.958495855331,10.2,12082.7,0.5,6875.25
107,540,0.6473571428571429,0.43157894736839897,16433.329770565033,11.6,13109.6,1.0,9063.0
108,545,0.6412678571428572,0.42631578947366217,16602.542976379395,13.3,14000.0,1.0,8977.75
109,550,0.9999285714285714,0.42105263157892536,16764.86776638031,11.8,13137.4,8.25,13999.0
110,555,0.34189285714285716,0.41578947368418856,16922.804365873337,10.8,13137.4,0.0,4786.5
111,560,0.9999285714285714,0.41052631578945176,17076.06157517433,9.5,12799.4,10.25,13999.0
112,565,0.5509107142857143,0.40526315789471495,17237.297365427017,9.0,12621.3,0.75,7712.75
113,570,0.9999285714285714,0.39999999999997815,17414.31286931038,11.6,13585.6,10.75,13999.0
114,575,0.4181607142857143,0.39473684210524135,17553.58974647522,10.4,12650.0,0.25,5854.25
115,580,0.9999285714285714,0.38947368421050454,17728.787531375885,10.7,12416.6,11.25,13999.0
116,585,0.5194464285714285,0.38421052631576774,17857.70156979561,9.9,11791.4,0.75,7272.25
117,590,0.9999285714285714,0.37894736842103094,18007.097666502,7.5,10764.3,12.25,13999.0
118,595,0.602625,0.37368421052629414,18145.79379439354,8.4,10943.8,1.0,8436.75
119,600,0.9999285714285714,0.36842105263155733,18314.735192775726,10.1,11708.0,9.5,13999.0
120,605,0.5300714285714285,0.36315789473682053,18477.885227680206,12.8,13267.4,0.75,7421.0
121,610,0.9983571428571428,0.3578947368420837,18636.77455329895,11.0,12749.6,11.75,13977.0
122,615,0.5084107142857143,0.3526315789473469,18786.44979906082,9.7,11989.6,0.5,7117.75
123,620,0.547625,0.3473684210526101,18952.604784488678,11.1,13156.1,0.75,7666.75
124,625,0.3701607142857143,0.3421052631578733,19071.654617786407,8.2,11974.3,0.25,5182.25
125,630,0.4614642857142857,0.3368421052631365,19223.752444267273,9.3,11456.4,0.5,6460.5
126,635,0.4406607142857143,0.3315789473683997,19336.49882531166,9.6,11073.8,0.25,6169.25
127,640,0.5369464285714286,0.3263157894736629,19477.396604537964,8.2,10324.9,0.75,7517.25
128,645,0.44142857142857145,0.3210526315789261,19603.08721971512,8.2,10876.8,0.25,6180.0
129,650,0.4251607142857143,0.3157894736841893,19739.624821186066,7.2,11230.4,0.25,5952.25
130,655,0.43514285714285716,0.3105263157894525,19902.70063853264,10.0,12946.9,0.5,6092.0
131,660,0.9999285714285714,0.3052631578947157,20066.13190293312,11.1,12955.2,11.0,13999.0
132,665,0.48375,0.2999999999999789,20184.518884181976,7.6,10746.5,0.5,6772.5
133,670,0.8112678571428571,0.2947368421052421,20340.03869485855,6.3,10601.6,11.0,11357.75
134,675,0.5341071428571429,0.2894736842105053,20459.71345925331,7.0,10593.8,0.75,7477.5
135,680,0.9999285714285714,0.2842105263157685,20623.03556227684,8.1,10626.3,9.5,13999.0
136,685,0.9999285714285714,0.2789473684210317,20812.407969236374,10.6,12898.8,11.5,13999.0
137,690,0.43694642857142857,0.2736842105262949,20959.60926604271,9.7,13037.3,0.5,6117.25
138,695,0.45425,0.2684210526315581,21115.20411133766,8.6,12602.6,0.5,6359.5
139,700,0.3743035714285714,0.2631578947368213,21258.579177618027,9.3,12560.8,0.25,5240.25
140,705,0.3833392857142857,0.25789473684208447,21421.73674273491,10.8,12995.5,0.25,5366.75
141,710,0.9999285714285714,0.25263157894734767,21590.745356798172,11.9,13203.0,11.5,13999.0
142,715,0.5322857142857143,0.24736842105261087,21761.676005363464,10.1,12680.8,0.75,7452.0
143,720,0.5065357142857143,0.24210526315787406,21913.73091197014,7.3,11761.3,0.75,7091.5
144,725,0.607125,0.23684210526313726,22076.112305641174,6.3,10509.0,0.75,8499.75
145,730,0.4694464285714286,0.23157894736840046,22242.40966629982,7.7,10956.7,0.5,6572.25
146,735,0.5265,0.22631578947366365,22469.17675089836,10.2,12375.1,0.5,7371.0
147,740,0.5679464285714285,0.22105263157892685,22668.19279026985,12.5,13493.1,0.75,7951.25
148,745,0.9999285714285714,0.21578947368419005,22789.39056968689,8.4,10385.8,11.0,13999.0
149,750,0.40219642857142857,0.21052631578945324,22930.016182899475,4.1,8864.6,0.25,5630.75
150,755,0.5497857142857143,0.20526315789471644,23083.309607744217,5.3,10567.8,0.75,7697.0
151,760,0.44419642857142855,0.19999999999997964,23242.090911626816,7.2,10699.5,0.5,6218.75
152,765,0.3652142857142857,0.19473684210524284,23387.852342128754,7.9,11063.7,0.25,5113.0
153,770,0.5008214285714285,0.18947368421050603,23522.050573825836,6.8,10455.9,0.5,7011.5
154,775,0.9999285714285714,0.18421052631576923,23700.902762651443,7.5,11342.5,10.0,13999.0
155,780,0.4434642857142857,0.17894736842103243,23864.634934186935,9.2,13344.3,0.5,6208.5
156,785,0.47189285714285717,0.17368421052629562,24032.118930101395,9.9,13786.2,0.75,6606.5
157,790,0.9999285714285714,0.16842105263155882,24218.988184690475,11.3,13932.5,8.25,13999.0
158,795,0.42898214285714287,0.16315789473682202,24387.0138566494,11.0,14000.0,0.5,6005.75
159,800,0.5174107142857143,0.15789473684208521,24532.459505796432,9.4,12872.6,0.75,7243.75
160,805,0.3807857142857143,0.1526315789473484,24664.259813308716,8.5,11283.3,0.25,5331.0
161,810,0.5160178571428572,0.1473684210526116,24835.523983478546,10.6,12410.7,0.75,7224.25
162,815,0.609625,0.1421052631578748,24967.676183462143,9.5,12058.0,0.75,8534.75
163,820,0.9999285714285714,0.136842105263138,25139.53232717514,7.4,11282.8,12.0,13999.0
164,825,0.42401785714285717,0.1315789473684012,25284.534006118774,9.9,12289.8,0.5,5936.25
165,830,0.4685,0.1263157894736644,25429.717041254044,9.6,12121.6,0.5,6559.0
166,835,0.2770357142857143,0.12105263157892754,25592.75507736206,8.9,13027.1,0.0,3878.5
167,840,0.3657142857142857,0.11578947368419067,25743.062995672226,10.7,13249.7,0.25,5120.0
168,845,0.39353571428571427,0.1105263157894538,25871.22293138504,10.3,11650.2,0.25,5509.5
169,850,0.4710535714285714,0.10526315789471692,26041.010021209717,9.5,12371.0,0.5,6594.75
170,855,0.47598214285714285,0.09999999999998005,26168.84039568901,9.2,12084.1,0.5,6663.75
171,860,0.39825,0.09473684210524318,26328.335739850998,9.9,11786.3,0.25,5575.5
172,865,0.366625,0.0894736842105063,26479.446483135223,11.9,13056.5,0.25,5132.75
173,870,0.3026964285714286,0.08421052631576943,26630.98264479637,10.5,12778.5,0.0,4237.75
174,875,0.34867857142857145,0.07894736842103256,26774.723881483078,9.4,12430.6,0.25,4881.5
175,880,0.5438035714285714,0.07368421052629569,26943.32484459877,9.3,12810.0,0.75,7613.25
176,885,0.4833928571428571,0.06842105263155882,27096.049077510834,9.6,13037.5,0.5,6767.5
177,890,0.45898214285714284,0.06315789473682194,27233.81761264801,10.3,11746.8,0.5,6425.75
178,895,0.6111964285714285,0.057894736842085105,27396.708090782166,10.4,11999.2,1.0,8556.75
179,900,0.9999285714285714,0.05263157894734827,27561.509779691696,9.3,12346.8,13.5,13999.0
180,905,0.5954285714285714,0.05,27676.20702600479,7.0,10328.6,1.0,8336.0
181,910,0.6218928571428571,0.05,27819.32580280304,5.4,9946.8,1.0,8706.5
182,915,0.4605,0.05,27974.355023622513,5.9,11678.5,0.5,6447.0
183,920,0.5315892857142858,0.05,28127.267920732498,7.2,12501.5,0.75,7442.25
184,925,0.5184642857142857,0.05,28289.701744794846,9.3,12789.3,0.75,7258.5
185,930,0.5155,0.05,28424.670562267303,10.0,11946.3,0.75,7217.0
186,935,0.717875,0.05,28561.719769001007,7.4,10592.0,9.5,10050.25
187,940,0.474,0.05,28726.63639807701,8.5,11929.0,0.5,6636.0
188,945,0.9999285714285714,0.05,28899.88381767273,10.3,13002.6,12.0,13999.0
189,950,0.4223928571428571,0.05,29056.461956739426,10.1,12688.3,0.25,5913.5
190,955,0.3480357142857143,0.05,29168.051726818085,8.7,10989.0,0.0,4872.5
191,960,0.9999285714285714,0.05,29340.300030469894,8.4,10811.9,9.75,13999.0
192,965,0.46648214285714285,0.05,29485.29211449623,9.7,12060.2,0.5,6530.75
193,970,0.49489285714285713,0.05,29637.385519742966,9.9,11984.5,0.75,6928.5
194,975,0.42694642857142856,0.05,29785.9781563282,9.0,12278.1,0.25,5977.25
195,980,0.566375,0.05,29905.777022123337,6.3,10541.9,1.0,7929.25
196,985,0.438625,0.05,30051.861130714417,6.1,10633.1,0.25,6140.75
197,990,0.461625,0.05,30197.870332479477,7.6,12278.3,0.25,6462.75
198,995,0.5671071428571428,0.05,30337.855407953262,8.4,11541.5,0.75,7939.5
199,1000,0.5875357142857143,0.05,30459.44059562683,7.1,10032.8,1.0,8225.5
