,episode,test_success_ratio,epsilon,time,train_score,train_mean_steps,test_score,test_mean_steps
0,10,3669.2,0.997979797979798,281.3495018482208,89.2,14399.3,0.8,3669.2
1,20,13049.2,0.9959595959595959,598.7065005302429,86.1,14360.3,80.2,13049.2
2,30,3632.4,0.9939393939393939,915.6395020484924,103.3,16987.6,0.8,3632.4
3,40,3808.6,0.9919191919191919,1107.9885020256042,56.9,9826.7,4.8,3808.6
4,50,3646.2,0.9898989898989898,1281.440500497818,53.1,8850.7,1.0,3646.2
5,60,3537.2,0.9878787878787878,1586.4040007591248,101.1,16315.8,1.0,3537.2
6,70,3443.6,0.9858585858585858,1791.482500076294,63.8,10706.4,4.0,3443.6
7,80,3829.4,0.9838383838383837,1977.191499710083,56.3,9457.4,1.0,3829.4
8,90,3958.0,0.9818181818181817,2191.587500333786,66.9,11057.8,0.6,3958.0
9,100,3840.4,0.9797979797979797,2416.5120017528534,68.1,11680.9,1.0,3840.4
10,110,3557.0,0.9777777777777776,2583.544499874115,51.2,8462.0,1.0,3557.0
11,120,3736.2,0.9757575757575756,2790.759500980377,64.2,10616.4,1.0,3736.2
12,130,3798.0,0.9737373737373736,3016.386001110077,68.6,11663.5,0.8,3798.0
13,140,3708.2,0.9717171717171715,3239.07950091362,71.4,11625.4,1.0,3708.2
14,150,3396.6,0.9696969696969695,3411.799501180649,52.7,8692.9,0.6,3396.6
15,160,3966.0,0.9676767676767675,3705.7570016384125,94.8,15435.9,0.8,3966.0
16,170,3666.8,0.9656565656565654,3924.4635002613068,69.8,11315.0,1.0,3666.8
17,180,3382.0,0.9636363636363634,4125.897005081177,61.7,10358.7,0.8,3382.0
18,190,3579.0,0.9616161616161614,4367.566001415253,76.0,12651.0,0.8,3579.0
19,200,10005.8,0.9595959595959593,4583.4305012226105,53.6,9238.2,58.2,10005.8
20,210,3726.8,0.9575757575757573,4844.107000350952,83.7,13721.2,1.0,3726.8
21,220,3911.8,0.9555555555555553,5002.049000501633,46.6,7831.7,0.8,3911.8
22,230,3777.2,0.9535353535353532,5248.382001876831,76.8,12899.5,1.0,3777.2
23,240,3638.8,0.9515151515151512,5453.057500600815,63.8,10459.4,0.8,3638.8
24,250,3764.6,0.9494949494949492,5719.616000175476,87.4,13955.7,0.8,3764.6
25,260,5673.2,0.9474747474747471,5909.702499866486,51.3,9051.0,31.0,5673.2
26,270,3997.0,0.9454545454545451,6157.222499370575,78.6,12865.0,1.0,3997.0
27,280,9677.2,0.9434343434343431,6365.961499929428,51.6,9042.6,61.0,9677.2
28,290,3300.4,0.941414141414141,6598.472001075745,70.4,12117.3,1.0,3300.4
29,300,3084.4,0.939393939393939,6789.538500785828,59.9,9946.1,0.8,3084.4
30,310,3906.2,0.937373737373737,7057.9430050849915,84.3,13968.1,1.0,3906.2
31,320,3697.6,0.9353535353535349,7229.562000751495,50.7,8592.0,0.8,3697.6
32,330,8833.0,0.9333333333333329,7547.752502441406,92.9,15287.2,49.8,8833.0
33,340,3893.6,0.9313131313131309,7768.350004434586,68.8,11248.4,1.0,3893.6
34,350,3820.0,0.9292929292929288,7940.348499536514,50.6,8539.1,0.6,3820.0
35,360,3792.8,0.9272727272727268,8115.285001754761,51.9,8747.3,0.8,3792.8
36,370,6218.4,0.9252525252525248,8311.477001428604,51.3,9254.5,35.4,6218.4
37,380,7797.0,0.9232323232323227,8595.55950641632,84.2,13702.5,43.8,7797.0
38,390,3818.2,0.9212121212121207,8848.197500705719,76.3,13064.3,1.0,3818.2
39,400,3799.0,0.9191919191919187,9048.366501569748,59.7,10206.3,0.8,3799.0
40,410,6423.2,0.9171717171717166,9255.063001394272,55.1,9723.1,38.2,6423.2
41,420,3940.0,0.9151515151515146,9486.689501523972,72.2,11702.0,0.8,3940.0
42,430,10990.2,0.9131313131313126,9819.092000484467,98.8,15394.6,60.8,10990.2
43,440,7982.6,0.9111111111111105,10058.65299987793,68.5,11110.7,42.8,7982.6
44,450,8506.8,0.9090909090909085,10273.414999723434,58.3,9659.6,48.4,8506.8
45,460,3774.8,0.9070707070707065,10474.917999744415,59.5,10198.1,1.0,3774.8
46,470,3855.0,0.9050505050505044,10697.557001590729,71.9,11375.4,1.0,3855.0
47,480,3715.4,0.9030303030303024,11002.614001274109,90.2,14575.4,0.8,3715.4
48,490,3760.0,0.9010101010101004,11252.5145008564,62.4,10488.5,0.6,3760.0
49,500,3648.0,0.8989898989898983,11499.929000854492,70.6,11577.6,0.8,3648.0
50,510,3022.2,0.8969696969696963,11764.161499500275,74.1,11788.0,0.8,3022.2
51,520,3702.0,0.8949494949494943,12010.52100110054,70.6,11652.1,1.0,3702.0
52,530,9551.6,0.8929292929292922,12241.081000089645,57.1,9402.0,59.6,9551.6
53,540,10981.8,0.8909090909090902,12488.971500635147,59.1,9987.4,60.4,10981.8
54,550,6872.6,0.8888888888888882,12732.202000617981,68.5,11047.9,36.2,6872.6
55,560,3068.2,0.8868686868686861,12946.58349943161,62.9,10513.3,0.8,3068.2
56,570,3856.8,0.8848484848484841,13144.75550365448,54.5,9630.0,1.0,3856.8
57,580,3767.2,0.8828282828282821,13359.765499591827,58.3,10260.2,0.8,3767.2
58,590,12706.6,0.88080808080808,13636.523999452591,68.2,11195.9,78.8,12706.6
59,600,3938.8,0.878787878787878,13809.796001911163,47.7,8159.1,1.0,3938.8
60,610,3819.0,0.876767676767676,14050.891500234604,71.0,11784.6,1.0,3819.0
61,620,3874.6,0.8747474747474739,14263.127501249313,59.1,10122.8,1.0,3874.6
62,630,3834.6,0.8727272727272719,14481.731499671936,61.6,10536.0,0.6,3834.6
63,640,3774.4,0.8707070707070699,14750.86750125885,79.0,13158.9,0.8,3774.4
64,650,3389.0,0.8686868686868678,15048.636501550674,91.2,15043.5,1.0,3389.0
65,660,10645.2,0.8666666666666658,15337.910500049591,77.3,12532.2,64.2,10645.2
66,670,3820.0,0.8646464646464638,15577.001500368118,68.5,11616.0,1.0,3820.0
67,680,11756.8,0.8626262626262617,15869.958501338959,75.9,12307.8,72.8,11756.8
68,690,3621.2,0.8606060606060597,16115.956000328064,70.1,12217.8,0.8,3621.2
69,700,6697.6,0.8585858585858577,16393.9960000515,80.8,12902.3,39.0,6697.6
70,710,3459.6,0.8565656565656556,16701.260001182556,95.4,15215.8,0.8,3459.6
71,720,3795.8,0.8545454545454536,16966.195499658585,79.6,12976.7,1.0,3795.8
72,730,3804.4,0.8525252525252516,17252.262499809265,89.2,14125.2,1.0,3804.4
73,740,4282.8,0.8505050505050495,17462.299001455307,61.1,9968.4,0.6,4282.8
74,750,3755.6,0.8484848484848475,17738.548001527786,83.7,13600.2,1.0,3755.6
75,760,3827.6,0.8464646464646455,17986.338500738144,73.8,11987.4,1.0,3827.6
76,770,3731.0,0.8444444444444434,18237.86000061035,73.2,12247.1,1.0,3731.0
77,780,6445.4,0.8424242424242414,18491.93199968338,70.8,11678.5,37.6,6445.4
78,790,9265.4,0.8404040404040394,18740.594000816345,63.9,10680.6,55.2,9265.4
79,800,3886.2,0.8383838383838373,18974.733500003815,68.3,11388.9,0.8,3886.2
80,810,11537.0,0.8363636363636353,19197.19150042534,48.4,8581.8,64.6,11537.0
81,820,3838.4,0.8343434343434333,19382.19700860977,49.2,8798.2,0.8,3838.4
82,830,3761.6,0.8323232323232312,19579.306000947952,56.6,9371.2,0.6,3761.6
83,840,3827.6,0.8303030303030292,19857.46699976921,84.0,13652.7,0.6,3827.6
84,850,3569.6,0.8282828282828272,20084.042001008987,69.8,11056.6,1.0,3569.6
85,860,3928.0,0.8262626262626251,20318.88300037384,68.4,11364.4,1.0,3928.0
86,870,3857.2,0.8242424242424231,20550.65550017357,67.6,11237.2,0.8,3857.2
87,880,3909.0,0.8222222222222211,20772.517502069473,61.4,10715.1,1.0,3909.0
88,890,3805.2,0.820202020202019,21038.51500225067,79.3,13120.2,0.8,3805.2
89,900,3640.0,0.818181818181817,21304.787001132965,80.9,13427.5,0.8,3640.0
90,910,3715.8,0.816161616161615,21575.60950088501,81.1,13410.9,1.0,3715.8
91,920,3584.8,0.814141414141413,21729.149000644684,38.6,7138.1,0.8,3584.8
92,930,3837.2,0.8121212121212109,21894.627999782562,42.6,7789.6,0.8,3837.2
93,940,3700.0,0.8101010101010089,22077.088499307632,49.6,8695.1,0.8,3700.0
94,950,3841.0,0.8080808080808068,22289.974007368088,61.4,10275.0,0.8,3841.0
95,960,8628.0,0.8060606060606048,22463.997501134872,37.6,6858.4,47.8,8628.0
96,970,3878.0,0.8040404040404028,22623.429001569748,41.4,7330.3,0.8,3878.0
97,980,3791.6,0.8020202020202007,22826.010006666183,58.5,9698.6,1.0,3791.6
98,990,3808.4,0.7999999999999987,23059.32350206375,68.5,11281.7,1.0,3808.4
99,1000,3821.8,0.7979797979797967,23301.821007728577,71.2,11777.4,0.8,3821.8
100,1010,3044.6,0.7959595959595946,23498.46650147438,58.6,9644.8,0.8,3044.6
101,1020,3420.6,0.7939393939393926,23761.237001657486,78.0,12946.7,1.0,3420.6
102,1030,3072.0,0.7919191919191906,24055.653001070023,90.7,14694.8,0.8,3072.0
103,1040,10638.4,0.7898989898989885,24225.85650062561,31.7,6111.0,64.0,10638.4
104,1050,3772.6,0.7878787878787865,24472.977001190186,73.1,12063.6,0.8,3772.6
105,1060,3081.2,0.7858585858585845,24637.056000947952,45.2,7904.5,0.8,3081.2
106,1070,3936.6,0.7838383838383824,24906.883501052856,80.1,13074.4,1.0,3936.6
107,1080,9962.6,0.7818181818181804,25140.76949954033,53.1,8934.2,60.8,9962.6
108,1090,3729.0,0.7797979797979784,25344.307999372482,56.2,9814.0,0.8,3729.0
109,1100,3836.6,0.7777777777777763,25575.11349964142,66.6,11256.2,1.0,3836.6
110,1110,8677.6,0.7757575757575743,25779.860999822617,48.2,8384.9,47.4,8677.6
111,1120,6810.4,0.7737373737373723,26053.3455016613,71.9,12472.8,36.8,6810.4
112,1130,7197.4,0.7717171717171702,26297.351501226425,60.6,10823.5,40.2,7197.4
113,1140,3071.4,0.7696969696969682,26558.257499933243,81.3,13030.3,0.6,3071.4
114,1150,3621.2,0.7676767676767662,26813.8679997921,77.8,12652.3,0.8,3621.2
115,1160,3273.0,0.7656565656565641,27104.095501184464,90.5,14576.4,0.8,3273.0
116,1170,7948.8,0.7636363636363621,27340.016001224518,58.0,9949.9,45.2,7948.8
117,1180,3926.2,0.7616161616161601,27631.376501321793,84.4,13846.3,0.8,3926.2
118,1190,3790.4,0.759595959595958,27870.702500104904,66.3,11151.9,1.0,3790.4
119,1200,9372.8,0.757575757575756,28149.70849967003,74.7,12058.0,55.8,9372.8
120,1210,3058.4,0.755555555555554,28346.35600757599,56.1,9455.2,0.6,3058.4
121,1220,10556.2,0.753535353535352,28588.819499969482,55.8,9847.0,61.4,10556.2
122,1230,3406.8,0.7515151515151499,28842.88500070572,72.7,12310.3,1.0,3406.8
123,1240,3756.4,0.7494949494949479,29031.16450190544,51.5,8827.8,1.0,3756.4
124,1250,3910.2,0.7474747474747458,29209.804500341415,45.7,8315.3,0.8,3910.2
125,1260,11841.0,0.7454545454545438,29428.605001926422,47.0,8194.0,69.8,11841.0
126,1270,7988.8,0.7434343434343418,29648.49900150299,55.5,9349.3,44.0,7988.8
127,1280,3633.6,0.7414141414141397,29906.06750011444,75.5,12440.2,0.8,3633.6
128,1290,3952.6,0.7393939393939377,30168.503001451492,73.5,12631.6,1.0,3952.6
129,1300,3598.0,0.7373737373737357,30397.15750026703,59.8,10963.7,0.8,3598.0
130,1310,3788.2,0.7353535353535336,30660.789501190186,75.8,12702.5,0.8,3788.2
131,1320,3767.4,0.7333333333333316,30928.433000087738,79.1,12903.4,1.0,3767.4
132,1330,3825.6,0.7313131313131296,31198.68900156021,79.2,13071.7,0.8,3825.6
133,1340,3856.4,0.7292929292929275,31406.939501285553,57.2,9786.5,1.0,3856.4
134,1350,7124.0,0.7272727272727255,31623.9935028553,52.6,9327.4,38.6,7124.0
135,1360,3954.6,0.7252525252525235,31764.677501678467,35.1,6360.1,0.8,3954.6
136,1370,3770.8,0.7232323232323215,31998.62850022316,61.5,10719.3,0.8,3770.8
137,1380,3796.6,0.7212121212121194,32299.765001773834,92.4,14860.4,0.8,3796.6
138,1390,12382.6,0.7191919191919174,32657.055510520935,94.4,15252.6,77.0,12382.6
139,1400,3431.8,0.7171717171717154,32887.200000047684,65.8,11009.2,1.0,3431.8
140,1410,3465.6,0.7151515151515133,33122.53700041771,70.2,11357.0,1.0,3465.6
141,1420,3943.0,0.7131313131313113,33317.49350118637,51.0,9045.5,1.0,3943.0
142,1430,6784.4,0.7111111111111093,33516.22250056267,47.9,8522.8,37.2,6784.4
143,1440,3626.2,0.7090909090909072,33710.63050055504,51.0,9125.6,1.0,3626.2
144,1450,3823.6,0.7070707070707052,33927.831000328064,60.6,10313.6,1.0,3823.6
145,1460,3127.6,0.7050505050505032,34146.91951274872,63.7,10645.8,0.6,3127.6
146,1470,3816.8,0.7030303030303011,34288.35800242424,35.9,6378.1,1.0,3816.8
147,1480,9489.8,0.7010101010100991,34484.775000333786,40.3,7564.2,51.0,9489.8
148,1490,4043.0,0.698989898989897,34698.30099987984,55.3,9437.1,0.8,4043.0
149,1500,7388.0,0.696969696969695,34841.56800055504,27.0,5510.6,42.8,7388.0
150,1510,3976.8,0.694949494949493,35102.66149973869,76.6,12594.7,0.8,3976.8
151,1520,3750.2,0.692929292929291,35261.758001327515,40.6,7494.4,0.8,3750.2
152,1530,3379.4,0.6909090909090889,35469.86250495911,58.8,10043.5,1.0,3379.4
153,1540,3650.2,0.6888888888888869,35686.29650092125,58.4,9934.5,1.0,3650.2
154,1550,7258.0,0.6868686868686849,35906.51250076294,53.2,9329.3,39.8,7258.0
155,1560,3731.2,0.6848484848484828,36159.87200832367,70.8,12206.9,1.0,3731.2
156,1570,3904.8,0.6828282828282808,36336.90799999237,45.2,8240.3,0.6,3904.8
157,1580,3641.8,0.6808080808080788,36539.38000059128,56.4,9632.4,1.0,3641.8
158,1590,3072.2,0.6787878787878767,36824.49350142479,87.9,14133.2,0.6,3072.2
159,1600,3868.8,0.6767676767676747,37129.06450009346,89.5,14934.9,1.0,3868.8
160,1610,3795.0,0.6747474747474727,37330.14650058746,55.7,9345.1,1.0,3795.0
161,1620,3032.0,0.6727272727272706,37552.2515001297,62.1,10826.2,0.6,3032.0
162,1630,3579.6,0.6707070707070686,37770.10200071335,61.5,10428.2,1.0,3579.6
163,1640,3784.8,0.6686868686868666,37968.44200062752,54.5,9261.2,0.8,3784.8
164,1650,3947.4,0.6666666666666645,38173.840500831604,55.8,9598.2,0.6,3947.4
165,1660,3729.4,0.6646464646464625,38444.49350142479,76.0,12664.2,1.0,3729.4
166,1670,3837.6,0.6626262626262605,38708.96450018883,75.4,12645.0,1.0,3837.6
167,1680,11366.4,0.6606060606060584,38980.12450122833,64.1,10945.8,70.4,11366.4
168,1690,6082.2,0.6585858585858564,39233.212002038956,68.4,11444.1,36.0,6082.2
169,1700,8712.6,0.6565656565656544,39428.474499464035,43.2,7704.6,52.6,8712.6
170,1710,3883.6,0.6545454545454523,39658.55450177193,63.5,11055.3,0.8,3883.6
171,1720,3651.0,0.6525252525252503,39834.24300074577,45.9,8248.9,0.8,3651.0
172,1730,3876.4,0.6505050505050483,40013.663999795914,48.2,8393.0,0.6,3876.4
173,1740,3646.8,0.6484848484848462,40216.71000099182,59.1,9589.6,1.0,3646.8
174,1750,4257.6,0.6464646464646442,40447.274500370026,62.4,10851.5,0.4,4257.6
175,1760,9288.8,0.6444444444444422,40764.83600068092,87.1,14117.5,54.4,9288.8
176,1770,4012.0,0.6424242424242401,40976.327500104904,59.1,9967.7,0.4,4012.0
177,1780,7334.2,0.6404040404040381,41235.71049976349,69.2,11550.3,44.2,7334.2
178,1790,3834.0,0.638383838383836,41456.65100097656,58.6,10451.4,0.6,3834.0
179,1800,4070.6,0.636363636363634,41648.46700024605,50.1,8914.8,0.6,4070.6
180,1810,3848.8,0.634343434343432,41943.85550022125,88.3,14439.1,1.0,3848.8
181,1820,3519.6,0.63232323232323,42123.86800003052,50.0,8475.8,0.8,3519.6
182,1830,7975.2,0.6303030303030279,42359.70750117302,56.5,10077.5,47.2,7975.2
183,1840,3700.8,0.6282828282828259,42512.83200097084,39.3,7061.2,0.8,3700.8
184,1850,3799.0,0.6262626262626239,42738.65399932861,63.5,10703.9,1.0,3799.0
185,1860,3765.8,0.6242424242424218,42923.48250126839,47.8,8640.1,1.0,3765.8
186,1870,12553.4,0.6222222222222198,43195.766001701355,65.9,10808.4,77.6,12553.4
187,1880,8726.2,0.6202020202020178,43439.50650048256,59.8,10290.7,49.6,8726.2
188,1890,3898.2,0.6181818181818157,43673.29699969292,64.9,11189.8,0.8,3898.2
189,1900,3796.4,0.6161616161616137,43840.54450035095,45.1,7746.9,1.0,3796.4
190,1910,7141.6,0.6141414141414117,44119.67000102997,75.3,12564.4,39.0,7141.6
191,1920,3736.2,0.6121212121212096,44350.51000094414,63.8,10949.5,1.0,3736.2
192,1930,3569.8,0.6101010101010076,44614.77650141716,79.6,12808.8,1.0,3569.8
193,1940,3659.4,0.6080808080808056,44746.278500556946,30.1,5872.4,1.0,3659.4
194,1950,3767.0,0.6060606060606035,44960.033500909805,55.8,10101.8,1.0,3767.0
195,1960,3864.4,0.6040404040404015,45134.456000089645,45.8,8096.7,0.6,3864.4
196,1970,3411.0,0.6020202020201995,45307.57050013542,46.1,8104.1,1.0,3411.0
197,1980,3913.2,0.5999999999999974,45549.877001047134,68.5,11521.5,1.0,3913.2
198,1990,3947.6,0.5979797979797954,45732.14400744438,45.1,8291.8,1.0,3947.6
199,2000,3772.0,0.5959595959595934,46005.95500135422,80.4,13143.5,0.8,3772.0
200,2010,3575.4,0.5939393939393913,46245.47100067139,68.4,11408.7,1.0,3575.4
201,2020,8031.6,0.5919191919191893,46491.31000137329,61.8,10609.0,45.8,8031.6
202,2030,3809.8,0.5898989898989873,46802.14350128174,94.1,15020.8,1.0,3809.8
203,2040,3762.0,0.5878787878787852,46988.01500082016,48.3,8581.5,1.0,3762.0
204,2050,3786.8,0.5858585858585832,47290.958000421524,88.4,14307.7,1.0,3786.8
205,2060,2369.2,0.5838383838383812,47502.71950030327,58.9,9988.6,0.4,2369.2
206,2070,3728.4,0.5818181818181791,47702.6875,53.7,9099.2,0.8,3728.4
207,2080,8799.6,0.5797979797979771,47959.31449961662,64.8,10636.9,51.2,8799.6
208,2090,3442.4,0.5777777777777751,48180.492000341415,55.0,10223.9,0.8,3442.4
209,2100,3815.6,0.575757575757573,48387.8100001812,54.9,9463.7,0.6,3815.6
210,2110,3454.6,0.573737373737371,48566.77400112152,46.3,8152.3,1.0,3454.6
211,2120,16189.6,0.571717171717169,48812.99950027466,44.8,8101.0,98.2,16189.6
212,2130,3538.6,0.5696969696969669,49047.85450172424,64.3,10951.0,0.8,3538.6
213,2140,3752.6,0.5676767676767649,49266.73400139809,58.5,10045.0,1.0,3752.6
214,2150,7375.0,0.5656565656565629,49510.891499996185,60.8,10381.9,45.0,7375.0
215,2160,8777.0,0.5636363636363608,49702.50850272179,36.3,7219.3,48.4,8777.0
216,2170,3796.2,0.5616161616161588,49879.66950583458,44.5,8169.5,0.6,3796.2
217,2180,6041.6,0.5595959595959568,50032.110000133514,31.2,6212.3,30.4,6041.6
218,2190,3845.4,0.5575757575757547,50145.763999700546,23.3,4841.8,0.8,3845.4
219,2200,13538.2,0.5555555555555527,50418.54500126839,60.2,10368.3,80.6,13538.2
220,2210,3910.0,0.5535353535353507,50565.05200052261,31.6,6509.2,1.0,3910.0
221,2220,10588.8,0.5515151515151486,50809.26750063896,59.1,9685.9,66.2,10588.8
222,2230,9233.6,0.5494949494949466,51049.99149990082,57.4,9910.7,54.6,9233.6
223,2240,8211.0,0.5474747474747446,51331.42849946022,76.6,12282.8,46.2,8211.0
224,2250,8662.2,0.5454545454545425,51543.632999420166,48.8,8554.7,51.2,8662.2
225,2260,3812.8,0.5434343434343405,51825.01350736618,82.6,13560.5,1.0,3812.8
226,2270,3142.4,0.5414141414141385,52034.168501615524,55.9,9853.4,0.8,3142.4
227,2280,3754.0,0.5393939393939364,52216.442000865936,47.1,8387.9,0.8,3754.0
228,2290,9001.2,0.5373737373737344,52450.00850749016,55.8,9728.8,52.4,9001.2
229,2300,3844.4,0.5353535353535324,52652.60600090027,52.7,9445.2,0.8,3844.4
230,2310,7746.2,0.5333333333333303,52892.004501104355,60.0,10356.8,40.6,7746.2
231,2320,3745.2,0.5313131313131283,53123.09850072861,65.6,11062.6,0.8,3745.2
232,2330,8602.0,0.5292929292929263,53407.51150679588,76.8,12272.5,47.8,8602.0
233,2340,3016.6,0.5272727272727242,53578.48649954796,45.3,8015.7,0.8,3016.6
234,2350,3783.6,0.5252525252525222,53775.261499881744,52.7,9158.9,1.0,3783.6
235,2360,7084.4,0.5232323232323202,53943.495000600815,35.0,6763.8,38.6,7084.4
236,2370,3764.0,0.5212121212121181,54109.49350142479,39.2,7628.6,1.0,3764.0
237,2380,3625.0,0.5191919191919161,54305.959506988525,54.8,9236.8,1.0,3625.0
238,2390,10800.4,0.5171717171717141,54522.566501140594,46.4,8329.2,65.2,10800.4
239,2400,3286.6,0.515151515151512,54733.38600087166,58.1,10018.0,1.0,3286.6
240,2410,8320.4,0.51313131313131,55046.182000398636,85.0,13876.5,48.4,8320.4
241,2420,3681.2,0.511111111111108,55233.174006938934,49.1,8654.0,1.0,3681.2
242,2430,3760.4,0.5090909090909059,55374.2935025692,34.9,6312.3,1.0,3760.4
243,2440,3301.6,0.5070707070707039,55544.36500000954,45.9,7879.8,1.0,3301.6
244,2450,3404.0,0.5050505050505019,55787.67500042915,72.0,11757.1,0.8,3404.0
245,2460,3627.0,0.5030303030302998,55984.78850150108,53.0,9273.8,1.0,3627.0
246,2470,3786.2,0.5010101010100978,56190.61500096321,57.1,9675.8,1.0,3786.2
247,2480,3786.8,0.49898989898989576,56358.913001060486,45.0,7688.6,1.0,3786.8
248,2490,3823.0,0.49696969696969373,56529.3235001564,41.7,7675.7,0.8,3823.0
249,2500,3961.0,0.4949494949494917,56693.62500119209,39.3,7480.0,1.0,3961.0
250,2510,3509.4,0.49292929292928966,56922.34450483322,63.8,11060.5,1.0,3509.4
251,2520,3726.2,0.49090909090908763,57132.27100610733,59.8,9911.5,0.8,3726.2
252,2530,3708.6,0.4888888888888856,57301.06400060654,42.4,7837.9,1.0,3708.6
253,2540,3520.8,0.48686868686868356,57575.5030002594,77.4,13363.0,0.8,3520.8
254,2550,3378.4,0.48484848484848153,57769.52349925041,48.8,9164.0,1.0,3378.4
255,2560,3851.8,0.4828282828282795,57956.08900165558,49.0,8714.7,1.0,3851.8
256,2570,3905.6,0.48080808080807746,58179.27349972725,61.7,10632.6,0.6,3905.6
257,2580,3757.6,0.47878787878787543,58313.53300118446,29.5,5925.0,1.0,3757.6
258,2590,3898.4,0.4767676767676734,58524.770002126694,58.8,9901.7,1.0,3898.4
259,2600,10837.0,0.47474747474747137,58705.69799995422,31.5,6396.8,67.4,10837.0
260,2610,3673.8,0.47272727272726933,58896.53900551796,50.8,8963.8,1.0,3673.8
261,2620,12460.4,0.4707070707070673,59111.58499956131,44.3,7789.9,74.2,12460.4
262,2630,9566.6,0.46868686868686527,59399.626000881195,72.1,12450.8,56.0,9566.6
263,2640,3693.0,0.46666666666666323,59629.46699976921,61.0,11016.7,1.0,3693.0
264,2650,3030.4,0.4646464646464612,59737.01950287819,22.2,4707.4,0.6,3030.4
265,2660,3823.4,0.46262626262625917,59866.12249970436,29.2,5680.2,0.8,3823.4
266,2670,3685.8,0.46060606060605713,59987.49950027466,27.0,5321.1,1.0,3685.8
267,2680,3846.0,0.4585858585858551,60160.36450099945,45.5,7913.2,0.8,3846.0
268,2690,8835.8,0.45656565656565307,60402.07550096512,60.0,10204.2,48.4,8835.8
269,2700,8201.0,0.45454545454545103,60635.3814997673,53.4,9808.3,50.2,8201.0
270,2710,5644.0,0.452525252525249,60797.02251338959,34.6,6841.2,28.6,5644.0
271,2720,3755.0,0.45050505050504697,61010.5950012207,59.2,10022.4,1.0,3755.0
272,2730,5509.6,0.44848484848484493,61226.89799976349,55.5,9748.9,29.6,5509.6
273,2740,3771.8,0.4464646464646429,61498.78850221634,77.1,13079.1,1.0,3771.8
274,2750,3062.0,0.44444444444444087,61659.70600152016,43.3,7492.9,0.4,3062.0
275,2760,9315.4,0.44242424242423883,61898.97299981117,56.5,9777.2,55.2,9315.4
276,2770,14249.8,0.4404040404040368,62263.31750059128,89.5,15086.4,86.2,14249.8
277,2780,3863.2,0.43838383838383477,62447.83200073242,46.7,8539.5,0.8,3863.2
278,2790,3572.8,0.43636363636363273,62633.65699982643,50.8,8615.3,1.0,3572.8
279,2800,3780.6,0.4343434343434307,62782.32750082016,35.5,6705.6,1.0,3780.6
280,2810,3696.2,0.43232323232322867,63047.97500252724,71.5,12693.5,0.8,3696.2
281,2820,3758.4,0.43030303030302663,63231.159502744675,49.2,8499.3,0.8,3758.4
282,2830,3728.6,0.4282828282828246,63448.60350036621,57.5,10304.3,1.0,3728.6
283,2840,3832.4,0.42626262626262257,63670.151007413864,57.6,10392.3,0.8,3832.4
284,2850,9447.0,0.42424242424242053,63914.78999996185,57.2,10071.4,54.6,9447.0
285,2860,3123.4,0.4222222222222185,64153.506001234055,65.8,11438.7,0.6,3123.4
286,2870,3857.4,0.42020202020201647,64348.6069996357,53.0,8942.1,1.0,3857.4
287,2880,4180.2,0.41818181818181444,64500.574001550674,34.2,6706.5,1.0,4180.2
288,2890,3860.2,0.4161616161616124,64849.70400047302,102.0,16868.5,1.0,3860.2
289,2900,10296.2,0.41414141414141037,65054.842509269714,42.5,7748.4,58.6,10296.2
290,2910,8007.4,0.41212121212120834,65343.98250293732,73.1,12717.7,47.8,8007.4
291,2920,3774.4,0.4101010101010063,65603.62800216675,69.0,12213.9,1.0,3774.4
292,2930,3822.6,0.40808080808080427,65774.89699959755,41.4,7487.6,0.8,3822.6
293,2940,8888.2,0.40606060606060224,66053.34900188446,69.8,11670.5,55.0,8888.2
294,2950,4015.2,0.4040404040404002,66271.558000803,59.1,10131.0,1.0,4015.2
295,2960,3768.6,0.40202020202019817,66459.59100055695,46.8,8564.7,0.8,3768.6
296,2970,3652.4,0.39999999999999614,66656.9904999733,51.7,9171.9,1.0,3652.4
297,2980,3863.4,0.3979797979797941,66857.01100206375,51.7,9161.4,0.8,3863.4
298,2990,3781.6,0.39595959595959207,66968.76300048828,20.4,4705.4,0.8,3781.6
299,3000,3864.0,0.39393939393939004,67205.86549973488,64.8,11070.2,1.0,3864.0
300,3010,3937.0,0.391919191919188,67432.36600232124,62.3,10565.4,1.0,3937.0
301,3020,6072.6,0.38989898989898597,67638.26700091362,48.7,8801.0,35.6,6072.6
302,3030,3689.0,0.38787878787878394,67846.59350132942,54.5,9625.5,1.0,3689.0
303,3040,3705.0,0.3858585858585819,68013.64550042152,44.1,7566.3,1.0,3705.0
304,3050,7460.8,0.38383838383837987,68172.94450187683,30.4,6051.5,42.8,7460.8
305,3060,7028.8,0.38181818181817784,68384.87600064278,51.7,8901.6,39.4,7028.8
306,3070,3777.8,0.3797979797979758,68594.38850045204,56.8,9738.2,0.6,3777.8
307,3080,3959.8,0.37777777777777377,68827.35150051117,64.4,10945.4,1.0,3959.8
308,3090,10413.8,0.37575757575757174,69019.61251020432,37.9,7061.7,61.6,10413.8
309,3100,3791.8,0.3737373737373697,69223.98000240326,54.9,9536.5,0.8,3791.8
310,3110,3684.0,0.37171717171716767,69376.61899995804,36.0,6875.5,0.8,3684.0
311,3120,3547.2,0.36969696969696564,69578.35800170898,51.9,9398.3,1.0,3547.2
312,3130,3683.0,0.3676767676767636,69790.30200099945,55.7,9821.3,1.0,3683.0
313,3140,6933.4,0.36565656565656157,69986.92400050163,46.7,8234.9,42.6,6933.4
314,3150,3791.4,0.36363636363635954,70158.7175014019,41.8,7877.1,0.8,3791.4
315,3160,3824.0,0.3616161616161575,70407.53050208092,71.1,11740.2,1.0,3824.0
316,3170,3073.8,0.35959595959595547,70625.13050055504,59.8,10253.4,0.8,3073.8
317,3180,3499.6,0.35757575757575344,70846.27800107002,62.8,10305.8,1.0,3499.6
318,3190,12452.8,0.3555555555555514,71118.30300164223,62.3,10659.4,72.8,12452.8
319,3200,3673.4,0.3535353535353494,71367.55400085449,66.5,11775.9,0.8,3673.4
320,3210,3856.0,0.35151515151514734,71615.71250414848,67.0,11744.5,0.8,3856.0
321,3220,3772.2,0.3494949494949453,71858.91400194168,68.5,11457.6,1.0,3772.2
322,3230,3760.8,0.3474747474747433,72023.05100607872,41.1,7466.8,0.8,3760.8
323,3240,12351.8,0.34545454545454124,72229.20651173592,39.5,7231.9,73.6,12351.8
324,3250,11954.4,0.3434343434343392,72459.44600009918,48.7,8539.7,72.8,11954.4
325,3260,3821.4,0.3414141414141372,72741.14100027084,76.9,13365.6,1.0,3821.4
326,3270,3851.6,0.33939393939393514,72933.39300131798,49.8,8946.6,0.8,3851.6
327,3280,3596.0,0.3373737373737331,73176.60550117493,65.8,11549.0,1.0,3596.0
328,3290,3811.2,0.3353535353535311,73335.44950008392,41.4,7156.7,1.0,3811.2
329,3300,3802.0,0.33333333333332904,73566.25300049782,62.1,10734.2,1.0,3802.0
330,3310,3838.4,0.331313131313127,73814.47950053215,62.9,11646.7,0.8,3838.4
331,3320,3793.6,0.329292929292925,74057.62099957466,68.9,11579.3,1.0,3793.6
332,3330,10179.6,0.32727272727272294,74250.99000072479,40.5,7161.0,58.8,10179.6
333,3340,3725.0,0.3252525252525209,74434.22000169754,46.1,8413.8,1.0,3725.0
334,3350,11998.2,0.3232323232323189,74620.40500116348,31.4,6316.7,73.4,11998.2
335,3360,3707.8,0.32121212121211684,74765.45150113106,34.6,6462.1,0.6,3707.8
336,3370,3634.6,0.3191919191919148,74890.87250375748,29.2,5454.8,1.0,3634.6
337,3380,3687.2,0.3171717171717128,75062.76550102234,42.9,7904.7,0.8,3687.2
338,3390,9784.0,0.31515151515151074,75261.2549996376,39.6,7539.6,57.4,9784.0
339,3400,3725.4,0.3131313131313087,75457.24450302124,50.7,9096.2,0.8,3725.4
340,3410,3544.0,0.3111111111111067,75657.9160015583,54.9,9333.6,1.0,3544.0
341,3420,3095.2,0.30909090909090464,75850.67500162125,49.3,9066.9,0.6,3095.2
342,3430,12676.6,0.3070707070707026,76165.26000094414,73.2,12772.9,75.2,12676.6
343,3440,3771.0,0.3050505050505006,76300.20000362396,31.6,5996.6,1.0,3771.0
344,3450,9596.6,0.30303030303029854,76505.45500040054,40.5,7864.3,55.0,9596.6
345,3460,3572.6,0.3010101010100965,76656.76250076294,32.4,6796.2,1.0,3572.6
346,3470,11498.0,0.2989898989898945,76929.00050973892,62.4,10763.4,71.2,11498.0
347,3480,5906.0,0.29696969696969244,77064.91799974442,25.4,5352.1,32.0,5906.0
348,3490,3449.2,0.2949494949494904,77247.554500103,45.1,8436.8,1.0,3449.2
349,3500,4174.2,0.2929292929292884,77413.82100081444,40.1,7466.0,0.8,4174.2
350,3510,3823.6,0.29090909090908634,77628.34100031853,53.4,9967.2,1.0,3823.6
351,3520,3705.6,0.2888888888888843,77787.72900056839,36.6,7102.0,0.8,3705.6
352,3530,3823.6,0.2868686868686823,78019.1075000763,57.3,10374.3,0.8,3823.6
353,3540,3830.2,0.28484848484848024,78164.47800087929,30.9,6443.5,1.0,3830.2
354,3550,3685.6,0.2828282828282782,78356.43949985504,52.0,8848.3,1.0,3685.6
355,3560,3700.4,0.2808080808080762,78537.26850152016,45.1,8214.6,0.8,3700.4
356,3570,3893.0,0.27878787878787414,78676.64449930191,33.4,6148.7,0.8,3893.0
357,3580,3552.4,0.2767676767676721,78834.11750245094,36.9,7015.8,1.0,3552.4
358,3590,8851.6,0.2747474747474701,79012.07550001144,34.4,6774.7,46.6,8851.6
359,3600,3750.0,0.27272727272726804,79159.92800116539,33.2,6527.2,0.8,3750.0
360,3610,3123.6,0.270707070707066,79325.24900197983,38.9,7373.4,0.6,3123.6
361,3620,4087.0,0.268686868686864,79542.25500440598,57.4,9949.1,0.8,4087.0
362,3630,3868.0,0.26666666666666194,79706.21750044823,41.5,7392.6,0.4,3868.0
363,3640,3625.0,0.2646464646464599,79884.54450154305,44.0,8172.5,0.8,3625.0
364,3650,6460.8,0.2626262626262579,80078.4379992485,45.9,8251.4,33.6,6460.8
365,3660,3517.4,0.26060606060605584,80305.86850094795,59.6,10736.6,0.6,3517.4
366,3670,10166.8,0.2585858585858538,80501.84100079536,36.2,7315.9,55.4,10166.8
367,3680,5359.6,0.2565656565656518,80676.8865017891,40.7,7386.7,24.2,5359.6
368,3690,3590.8,0.25454545454544975,80886.18950104713,54.5,9642.9,1.0,3590.8
369,3700,3761.2,0.2525252525252477,81061.8835003376,42.5,7936.4,0.8,3761.2
370,3710,3782.0,0.2505050505050457,81212.29850077629,31.2,6595.0,1.0,3782.0
371,3720,3810.2,0.24848484848484365,81355.59100103378,31.2,6351.9,0.8,3810.2
372,3730,8687.6,0.2464646464646416,81592.24750161171,53.0,9760.5,46.8,8687.6
373,3740,3782.0,0.24444444444443958,81726.80700016022,28.3,5808.8,0.6,3782.0
374,3750,6761.4,0.24242424242423755,81955.08599996567,54.9,9845.5,38.0,6761.4
375,3760,3980.0,0.2404040404040355,82111.82000041008,35.8,6978.9,0.4,3980.0
376,3770,4027.4,0.23838383838383348,82261.80650043488,34.5,6595.6,0.8,4027.4
377,3780,3671.0,0.23636363636363145,82438.57700252533,42.2,8051.0,1.0,3671.0
378,3790,3467.8,0.2343434343434294,82609.22149991989,39.7,7804.6,1.0,3467.8
379,3800,3729.2,0.23232323232322738,82780.50600218773,41.7,7802.6,1.0,3729.2
380,3810,8868.0,0.23030303030302535,82976.57250475883,39.8,7675.7,51.4,8868.0
381,3820,3793.4,0.2282828282828233,83193.89450335503,56.1,10109.1,1.0,3793.4
382,3830,3586.6,0.22626262626262128,83369.65100240707,42.2,7967.1,1.0,3586.6
383,3840,10913.6,0.22424242424241925,83538.70200133324,24.6,5355.6,65.6,10913.6
384,3850,11200.2,0.22222222222221721,83732.33300089836,34.5,6756.3,67.8,11200.2
385,3860,3604.2,0.22020202020201518,83912.99450111389,41.4,8311.0,1.0,3604.2
386,3870,3443.6,0.21818181818181315,84117.72000074387,54.1,9572.0,1.0,3443.6
387,3880,4822.2,0.21616161616161111,84260.99500226974,31.4,6023.2,24.2,4822.2
388,3890,7516.6,0.21414141414140908,84493.55600166321,54.6,9877.2,43.4,7516.6
389,3900,6788.6,0.21212121212120705,84680.66950130463,39.1,7720.6,39.6,6788.6
390,3910,1589.2,0.21010101010100501,84883.39000225067,57.1,9923.3,0.2,1589.2
391,3920,3878.0,0.20808080808080298,85073.2475039959,47.1,8768.2,1.0,3878.0
392,3930,10795.8,0.20606060606060095,85334.43899941444,54.7,10265.3,66.2,10795.8
393,3940,6685.2,0.20404040404039891,85551.08599996567,51.0,9216.5,35.4,6685.2
394,3950,3703.2,0.20202020202019688,85704.01099944115,34.7,6785.9,0.8,3703.2
395,3960,3410.8,0.19999999999999485,85845.35049915314,35.1,6305.6,1.0,3410.8
396,3970,10827.6,0.19797979797979282,86127.65300154686,60.2,10215.4,62.4,10827.6
397,3980,8314.8,0.19595959595959078,86322.38199973106,39.8,7374.1,49.0,8314.8
398,3990,3801.0,0.19393939393938875,86514.47600078583,48.2,8681.8,0.6,3801.0
399,4000,3652.2,0.19191919191918672,86714.53049993515,50.3,9227.5,1.0,3652.2
400,4010,3824.0,0.18989898989898468,86834.03600049019,24.9,5164.1,1.0,3824.0
401,4020,3901.8,0.18787878787878265,87010.70300030708,42.4,8001.7,0.4,3901.8
402,4030,9573.8,0.18585858585858062,87231.69650411606,47.0,8707.6,56.6,9573.8
403,4040,3955.6,0.18383838383837858,87420.06750130653,46.0,8537.8,0.8,3955.6
404,4050,3872.2,0.18181818181817655,87577.19650197029,36.5,6949.1,1.0,3872.2
405,4060,10142.4,0.17979797979797452,87795.82700109482,44.2,8277.3,60.4,10142.4
406,4070,3770.2,0.17777777777777248,88005.22099995613,52.0,9597.2,0.8,3770.2
407,4080,7035.2,0.17575757575757045,88168.69650316238,31.7,6439.5,36.2,7035.2
408,4090,3067.2,0.17373737373736842,88313.78399944305,34.0,6595.5,0.8,3067.2
409,4100,3693.8,0.17171717171716638,88475.69099974632,36.2,7256.7,1.0,3693.8
410,4110,3717.6,0.16969696969696435,88619.5415019989,31.7,6280.8,0.8,3717.6
411,4120,7348.6,0.16767676767676232,88813.22750210762,41.1,7783.0,39.6,7348.6
412,4130,5792.2,0.16565656565656028,88964.73050045967,28.5,6067.6,31.0,5792.2
413,4140,3732.6,0.16363636363635825,89196.59200143814,58.2,10643.3,1.0,3732.6
414,4150,10695.6,0.16161616161615622,89446.40500044823,54.9,10024.3,66.4,10695.6
415,4160,3853.2,0.15959595959595418,89606.43450188637,37.4,7106.1,1.0,3853.2
416,4170,3754.0,0.15757575757575215,89814.31050014496,52.2,9636.9,1.0,3754.0
417,4180,3863.8,0.15555555555555012,89989.01250243187,43.1,7893.9,0.8,3863.8
418,4190,3861.4,0.15353535353534808,90128.24949932098,29.2,6008.9,1.0,3861.4
419,4200,3684.4,0.15151515151514605,90308.02250027657,41.8,8174.0,0.6,3684.4
420,4210,3803.0,0.14949494949494402,90493.78300189972,44.1,8466.0,0.8,3803.0
421,4220,11795.6,0.14747474747474199,90703.48900055885,39.8,7564.1,69.8,11795.6
422,4230,3979.2,0.14545454545453995,90884.0185008049,40.5,8065.8,0.8,3979.2
423,4240,3624.8,0.14343434343433792,91090.1475007534,52.2,9440.6,1.0,3624.8
424,4250,7227.6,0.14141414141413589,91387.40500164032,74.3,13189.7,42.6,7227.6
425,4260,3944.4,0.13939393939393385,91543.62450027466,36.5,6812.9,0.8,3944.4
426,4270,3061.6,0.13737373737373182,91728.14600038528,44.1,8441.9,0.6,3061.6
427,4280,3645.8,0.13535353535352979,91873.15899944305,33.5,6410.3,1.0,3645.8
428,4290,3810.6,0.13333333333332775,92021.39400196075,34.2,6548.8,1.0,3810.6
429,4300,5735.6,0.13131313131312572,92202.42750620842,39.0,7647.6,29.0,5735.6
430,4310,3695.8,0.1292929292929237,92380.01350140572,43.3,8080.5,1.0,3695.8
431,4320,3715.8,0.12727272727272165,92575.53350138664,48.3,8950.5,1.0,3715.8
432,4330,5960.2,0.12525252525251962,92766.89649987221,43.4,8092.2,32.4,5960.2
433,4340,5744.2,0.12323232323231759,92984.69199991226,56.1,9375.6,31.0,5744.2
434,4350,3799.8,0.12121212121211555,93163.10750102997,41.4,7998.4,0.8,3799.8
435,4360,3783.8,0.11919191919191352,93340.57250142097,42.8,7924.1,1.0,3783.8
436,4370,3861.6,0.11717171717171149,93474.47950029373,27.5,5747.1,0.8,3861.6
437,4380,11151.4,0.11515151515150945,93675.22900509834,34.6,7117.6,67.4,11151.4
438,4390,7108.2,0.11313131313130742,93839.72499966621,29.7,6445.4,34.2,7108.2
439,4400,3536.4,0.11111111111110539,94007.93650245667,39.5,7533.0,1.0,3536.4
440,4410,8209.8,0.10909090909090335,94195.08299970627,36.6,7212.5,44.6,8209.8
441,4420,3916.6,0.10707070707070132,94319.50450110435,22.1,5199.1,0.6,3916.6
442,4430,3904.2,0.10505050505049929,94489.6584994793,37.3,7529.7,1.0,3904.2
443,4440,3772.0,0.10303030303029725,94594.18300032616,18.3,4123.0,0.8,3772.0
444,4450,9876.6,0.10101010101009522,94786.8430006504,36.3,7204.2,56.0,9876.6
445,4460,5736.2,0.09898989898989319,94957.00099992752,36.0,7133.3,29.0,5736.2
446,4470,3554.6,0.09696969696969115,95129.58000230789,42.0,7832.1,1.0,3554.6
447,4480,3602.4,0.09494949494948912,95341.50399947166,52.2,9858.4,1.0,3602.4
448,4490,8398.8,0.09292929292928709,95513.42800760269,33.9,6442.6,48.4,8398.8
449,4500,4203.8,0.09090909090908506,95689.16500329971,41.6,7817.9,1.0,4203.8
450,4510,3703.0,0.08888888888888302,95811.52600097656,22.1,5222.4,0.8,3703.0
451,4520,3764.6,0.08686868686868099,95906.71599936485,14.1,3880.3,1.0,3764.6
452,4530,3860.0,0.08484848484847896,96060.7524998188,35.3,6856.7,1.0,3860.0
453,4540,14035.2,0.08282828282827692,96292.95500135422,41.0,8093.0,88.6,14035.2
454,4550,3677.0,0.08080808080807489,96439.41449928284,29.2,6452.9,0.8,3677.0
455,4560,3951.6,0.07878787878787286,96599.37100076675,33.4,7144.9,0.6,3951.6
456,4570,10873.6,0.07676767676767082,96789.11000013351,29.2,6395.0,59.6,10873.6
457,4580,3797.8,0.07474747474746879,96949.17750000954,34.5,6976.8,1.0,3797.8
458,4590,3812.4,0.07272727272726676,97084.92900133133,28.8,5685.8,1.0,3812.4
459,4600,4004.8,0.07070707070706472,97242.26650166512,32.6,6840.0,0.8,4004.8
460,4610,7716.6,0.06868686868686269,97430.89150071144,36.0,7298.8,44.6,7716.6
461,4620,3959.8,0.06666666666666066,97593.61750173569,35.2,7009.0,0.6,3959.8
462,4630,3556.0,0.06464646464645862,97754.08699917793,34.1,7077.1,1.0,3556.0
463,4640,5501.6,0.06262626262625659,97904.65400075912,28.5,5921.4,28.4,5501.6
464,4650,3548.8,0.06060606060605456,98055.65150117874,29.4,6128.6,0.8,3548.8
465,4660,10491.4,0.058585858585852524,98233.882999897,31.1,6078.2,62.4,10491.4
466,4670,3669.4,0.05656565656565049,98384.29650092125,29.5,6509.5,1.0,3669.4
467,4680,10454.4,0.05454545454544846,98527.3595020771,18.6,4297.9,62.0,10454.4
468,4690,3882.4,0.052525252525246424,98702.29250240326,37.4,7510.5,0.6,3882.4
469,4700,3840.4,0.05050505050504439,98822.09700036049,22.3,4931.0,0.8,3840.4
470,4710,3804.2,0.04848484848484236,98960.4509999752,29.5,5834.2,1.0,3804.2
471,4720,10011.6,0.046464646464640325,99130.99350118637,28.3,5939.1,59.0,10011.6
472,4730,10523.2,0.04444444444443829,99285.11250019073,21.5,4952.9,64.6,10523.2
473,4740,3816.4,0.04242424242423626,99410.95200133324,24.0,5372.2,0.8,3816.4
474,4750,3804.4,0.040404040404034225,99527.10549998283,19.9,4851.0,1.0,3804.4
475,4760,3816.0,0.03838383838383219,99683.07949995995,32.4,6909.2,0.8,3816.0
476,4770,4067.6,0.03636363636363016,99866.06550145149,41.9,8196.8,0.6,4067.6
477,4780,3772.6,0.034343434343428125,100002.82800030708,27.7,5966.3,0.8,3772.6
478,4790,7954.4,0.03232323232322609,100150.949000597,23.8,5396.4,44.8,7954.4
479,4800,3921.6,0.03030303030302406,100304.63700079918,32.1,6740.6,0.8,3921.6
480,4810,14381.2,0.028282828282822026,100495.31150054932,27.3,5927.0,89.0,14381.2
481,4820,9312.0,0.026262626262619992,100648.07300066948,21.5,5268.3,55.2,9312.0
482,4830,3779.0,0.02424242424241796,100788.9399998188,30.2,6094.5,1.0,3779.0
483,4840,3802.2,0.022222222222215926,100921.24899959564,23.2,5735.9,1.0,3802.2
484,4850,3770.4,0.020202020202013893,101026.49950003624,15.8,4239.3,1.0,3770.4
485,4860,3552.2,0.02,101150.54749917984,23.8,5372.0,1.0,3552.2
486,4870,3749.8,0.02,101301.83200025558,28.7,6652.3,0.8,3749.8
487,4880,3834.2,0.02,101416.10700011253,20.1,4800.4,0.8,3834.2
488,4890,3669.2,0.02,101537.6640021801,20.8,5202.8,1.0,3669.2
489,4900,6785.8,0.02,101710.38049983978,32.6,6945.7,35.0,6785.8
490,4910,3773.6,0.02,101851.60850191116,27.8,6127.7,1.0,3773.6
491,4920,3340.0,0.02,102000.70649981499,32.4,6647.8,1.0,3340.0
492,4930,3739.0,0.02,102132.05100178719,23.0,5647.9,1.0,3739.0
493,4940,3610.8,0.02,102270.55050230026,27.7,6049.7,1.0,3610.8
494,4950,8024.6,0.02,102428.91349959373,24.3,5959.3,44.6,8024.6
495,4960,3705.8,0.02,102544.1014995575,21.4,4784.4,0.8,3705.8
496,4970,3787.8,0.02,102714.02350759506,36.5,7586.8,1.0,3787.8
497,4980,5768.8,0.02,102862.54550075531,28.7,6051.6,31.2,5768.8
498,4990,3727.8,0.02,103036.34800028801,38.4,7843.7,1.0,3727.8
499,5000,3863.8,0.02,103151.61050009727,22.2,4825.0,1.0,3863.8
