,episode,test_success_ratio,epsilon,time,train_score,train_mean_steps,test_score,test_mean_steps
0,10,0.17190666666666665,0.9591836734693873,140.51849842071533,8.3,10726.2,8.8,10314.4
1,20,0.19998333333333335,0.9183673469387745,309.7434980869293,10.4,12000.0,11.2,11999.0
2,30,0.1723866666666667,0.8775510204081618,458.1964988708496,8.7,11212.2,4.4,10343.2
3,40,0.19998333333333335,0.8367346938775491,605.3354992866516,6.4,10471.3,7.0,11999.0
4,50,0.19383999999999998,0.7959183673469363,761.313499212265,9.3,11447.8,6.2,11630.4
5,60,0.14953,0.7551020408163236,917.5259990692139,8.4,11365.5,5.6,8971.8
6,70,0.15383,0.7142857142857109,1085.9069998264313,8.6,11058.5,4.4,9229.8
7,80,0.19998333333333335,0.6734693877550981,1251.6665003299713,8.3,10646.6,8.0,11999.0
8,90,0.17199333333333333,0.6326530612244854,1425.396499156952,7.6,11407.4,6.0,10319.6
9,100,0.19998333333333335,0.5918367346938727,1570.8944988250732,7.4,9595.4,12.6,11999.0
10,110,0.19998333333333335,0.5510204081632599,1709.5359997749329,6.3,9090.2,12.2,11999.0
11,120,0.18695333333333333,0.5102040816326472,1877.9069991111755,8.0,10730.9,8.4,11217.2
12,130,0.19998333333333335,0.4693877551020349,2037.8424978256226,6.6,10711.0,6.4,11999.0
13,140,0.19998333333333335,0.4285714285714227,2205.500999689102,6.6,10632.1,8.4,11999.0
14,150,0.17378333333333335,0.38775510204081054,2380.7679998874664,8.3,11172.4,5.8,10427.0
15,160,0.19998333333333335,0.34693877551019836,2536.4629986286163,6.1,10254.7,10.6,11999.0
16,170,0.15758333333333333,0.3061224489795862,2672.5644991397858,6.4,8767.7,5.2,9455.0
17,180,0.19998333333333335,0.265306122448974,2828.736500263214,6.4,9984.4,10.2,11999.0
18,190,0.19998333333333335,0.22448979591836182,3006.715498447418,6.2,10229.9,10.2,11999.0
19,200,0.19998333333333335,0.18367346938774964,3181.321498632431,8.6,11193.0,8.8,11999.0
20,210,0.17979666666666666,0.14285714285713746,3324.5830001831055,5.9,9785.8,5.4,10787.8
21,220,0.17328666666666667,0.10204081632652529,3485.031999349594,6.7,10286.2,5.4,10397.2
22,230,0.19998333333333335,0.0612244897959131,3641.3139979839325,7.7,10623.9,7.0,11999.0
23,240,0.19998333333333335,0.05,3810.177499771118,7.2,11502.7,8.2,11999.0
24,250,0.18352333333333332,0.05,3964.262998342514,6.1,10027.2,4.4,11011.4
