,episode,test_success_ratio,epsilon,time,train_score,train_mean_steps,test_score,test_mean_steps
0,5,0.96655,0.9947368421052629,129.65211939811707,,,16.75,19331.0
1,10,0.4076875,0.9894736842105258,220.41657042503357,13.0,16607.3,1.0,8153.75
2,15,0.3192625,0.9842105263157888,334.9418354034424,12.2,15864.7,0.5,6385.25
3,20,0.552925,0.9789473684210517,435.514368057251,12.4,16262.1,7.75,11058.5
4,25,0.1689375,0.9736842105263146,517.3266403675079,12.0,14079.8,0.5,3378.75
5,30,0.284275,0.9684210526315775,631.0641512870789,12.3,15904.2,0.25,5685.5
6,35,0.2329,0.9631578947368404,731.3573069572449,13.0,17338.8,1.0,4658.0
7,40,0.417725,0.9578947368421034,851.5616691112518,14.0,17579.0,1.0,8354.5
8,45,0.238325,0.9526315789473663,958.7482461929321,13.9,18176.3,0.25,4766.5
9,50,0.323,0.9473684210526292,1070.60831284523,14.1,17643.4,0.5,6460.0
10,55,0.2992375,0.9421052631578921,1175.69388961792,13.6,17299.6,0.25,5984.75
11,60,0.99995,0.936842105263155,1306.9249124526978,14.6,17259.3,14.25,19999.0
12,65,0.35185,0.931578947368418,1417.8588411808014,14.2,17603.8,0.5,7037.0
13,70,0.3520375,0.9263157894736809,1541.864176750183,13.4,18748.2,0.5,7040.75
14,75,0.4553125,0.9210526315789438,1662.191662788391,16.8,19300.5,1.0,9106.25
15,80,0.99995,0.9157894736842067,1770.2864797115326,15.5,16183.6,17.25,19999.0
16,85,0.3408375,0.9105263157894696,1846.923963546753,10.9,12689.5,0.75,6816.75
17,90,0.353825,0.9052631578947326,1942.2907598018646,10.3,13210.7,0.75,7076.5
18,95,0.1977125,0.8999999999999955,2063.181410074234,14.2,17386.8,0.0,3954.25
19,100,0.2510875,0.8947368421052584,2186.846828699112,18.2,19982.5,0.25,5021.75
20,105,0.2293625,0.8894736842105213,2301.2097449302673,18.2,19319.1,0.25,4587.25
21,110,0.2643625,0.8842105263157842,2424.424226284027,15.9,19319.1,0.25,5287.25
22,115,0.99995,0.8789473684210471,2533.5681142807007,11.8,16940.8,21.75,19999.0
23,120,0.3436125,0.8736842105263101,2647.65970826149,11.8,15939.2,0.5,6872.25
24,125,0.3571625,0.868421052631573,2762.3661558628082,16.1,18012.7,0.5,7143.25
25,130,0.199725,0.8631578947368359,2861.5698239803314,15.8,17054.7,0.0,3994.5
26,135,0.312075,0.8578947368420988,2956.6253566741943,13.8,15480.7,0.5,6241.5
27,140,0.2291125,0.8526315789473617,3049.842681646347,12.9,14882.7,0.0,4582.25
28,145,0.8987,0.8473684210526247,3176.55713558197,12.2,16068.5,13.5,17974.0
29,150,0.99995,0.8421052631578876,3290.997631072998,11.6,15918.9,14.5,19999.0
30,155,0.3097125,0.8368421052631505,3403.424656152725,13.5,16171.7,0.25,6194.25
31,160,0.276325,0.8315789473684134,3528.018248319626,14.9,18878.9,0.25,5526.5
32,165,0.7935125,0.8263157894736763,3668.9968943595886,16.4,20000.0,12.5,15870.25
33,170,0.3692875,0.8210526315789393,3796.2907881736755,17.0,20000.0,0.75,7385.75
34,175,0.99995,0.8157894736842022,3892.476791381836,12.0,15732.3,16.25,19999.0
35,180,0.3118125,0.8105263157894651,3959.646511077881,7.5,10696.9,0.5,6236.25
36,185,0.369425,0.805263157894728,4067.5934290885925,10.6,13380.9,0.75,7388.5
37,190,0.333925,0.7999999999999909,4167.583005189896,14.7,16218.5,0.5,6678.5
38,195,0.3674875,0.7947368421052539,4275.662130117416,15.2,16200.7,0.75,7349.75
39,200,0.99995,0.7894736842105168,4405.640572071075,14.8,17046.9,15.25,19999.0
40,205,0.4192125,0.7842105263157797,4531.0195508003235,14.7,18436.9,0.75,8384.25
41,210,0.352775,0.7789473684210426,4638.85152387619,14.2,18103.8,0.5,7055.5
42,215,0.99995,0.7736842105263055,4751.8336617946625,11.4,15530.1,19.25,19999.0
43,220,0.3611625,0.7684210526315685,4847.658881187439,10.9,14619.0,0.5,7223.25
44,225,0.99995,0.7631578947368314,4944.909848690033,9.7,13273.5,15.5,19999.0
45,230,0.3743,0.7578947368420943,5056.212215900421,12.1,14547.4,0.75,7486.0
46,235,0.242175,0.7526315789473572,5162.998769521713,16.4,17254.9,0.25,4843.5
47,240,0.24955,0.7473684210526201,5268.708378791809,15.4,17026.6,0.25,4991.0
48,245,0.3631125,0.742105263157883,5395.83299779892,16.6,18449.8,0.75,7262.25
49,250,0.869075,0.736842105263146,5508.571071147919,17.3,17457.5,13.0,17381.5
50,255,0.4309,0.7315789473684089,5621.859062671661,14.0,16184.3,1.0,8618.0
51,260,0.3813375,0.7263157894736718,5741.573647260666,13.3,18009.0,0.75,7626.75
52,265,0.315875,0.7210526315789347,5835.108613491058,13.3,16472.9,0.5,6317.5
53,270,0.3138375,0.7157894736841977,5919.624098300934,10.7,13699.5,0.5,6276.75
54,275,0.3054,0.7105263157894606,6044.938062429428,13.3,16508.8,0.5,6108.0
55,280,0.99995,0.7052631578947235,6182.465087175369,17.2,19263.7,14.5,19999.0
56,285,0.7917625,0.6999999999999864,6302.359723806381,13.8,16950.9,8.5,15835.25
57,290,0.321475,0.6947368421052493,6411.964911699295,12.5,16205.7,0.5,6429.5
58,295,0.99995,0.6894736842105122,6558.351595401764,17.1,18518.5,14.75,19999.0
59,300,0.3666125,0.6842105263157752,6681.981582164764,18.1,19603.1,0.75,7332.25
60,305,0.3611625,0.6789473684210381,6778.237252235413,14.7,16974.3,0.5,7223.25
61,310,0.3035875,0.673684210526301,6904.064452886581,15.1,17371.2,0.5,6071.75
62,315,0.99995,0.6684210526315639,7007.745477676392,13.3,16308.6,15.25,19999.0
63,320,0.99995,0.6631578947368268,7133.466173887253,11.5,14511.2,16.75,19999.0
64,325,0.360575,0.6578947368420898,7260.05619597435,15.8,18114.9,0.5,7211.5
65,330,0.291575,0.6526315789473527,7359.89963555336,14.6,17688.4,0.25,5831.5
66,335,0.353675,0.6473684210526156,7470.032745361328,13.0,16307.3,0.75,7073.5
67,340,0.3933625,0.6421052631578785,7582.523580789566,14.2,17162.3,0.75,7867.25
68,345,0.99995,0.6368421052631414,7705.439857006073,13.3,16617.0,17.25,19999.0
69,350,0.99995,0.6315789473684044,7852.377982616425,15.6,17985.9,14.5,19999.0
70,355,0.256725,0.6263157894736673,7963.340525388718,16.0,18797.6,0.25,5134.5
71,360,0.3841875,0.6210526315789302,8035.2555565834045,10.2,13986.8,0.75,7683.75
72,365,0.99995,0.6157894736841931,8160.608143091202,9.8,13225.4,14.75,19999.0
73,370,0.3939875,0.610526315789456,8262.529962778091,13.7,15721.9,0.75,7879.75
74,375,0.2608,0.605263157894719,8371.805423736572,14.5,16318.1,0.25,5216.0
75,380,0.272075,0.5999999999999819,8461.513871908188,12.5,15589.6,0.25,5441.5
76,385,0.300075,0.5947368421052448,8529.840126276016,8.5,12056.5,0.5,6001.5
77,390,0.99995,0.5894736842105077,8651.099556207657,9.7,12898.4,13.0,19999.0
78,395,0.283975,0.5842105263157706,8774.97577381134,14.6,17611.3,0.25,5679.5
79,400,0.3024,0.5789473684210336,8852.366666555405,12.7,15606.1,0.25,6048.0
80,405,0.3328375,0.5736842105262965,8993.403303861618,10.4,14472.9,0.5,6656.75
81,410,0.3576875,0.5684210526315594,9131.001740932465,13.4,17454.9,0.75,7153.75
82,415,0.99995,0.5631578947368223,9280.970251560211,14.6,16870.2,16.75,19999.0
83,420,0.305925,0.5578947368420852,9426.963018655777,16.4,18094.3,0.5,6118.5
84,425,0.374375,0.5526315789473482,9568.125554561615,15.4,18000.6,0.75,7487.5
85,430,0.3649375,0.5473684210526111,9703.168547153473,12.5,16643.0,0.75,7298.75
86,435,0.2788625,0.542105263157874,9800.902589797974,10.6,14660.6,0.25,5577.25
87,440,0.99995,0.5368421052631369,9961.537271738052,11.6,14886.4,17.25,19999.0
88,445,0.31925,0.5315789473683998,10074.823049068451,12.2,15472.3,0.25,6385.0
89,450,0.28795,0.5263157894736628,10223.074398756027,12.2,15483.2,0.25,5759.0
90,455,0.2289,0.5210526315789257,10367.618753433228,14.3,17595.3,0.0,4578.0
91,460,0.372875,0.5157894736841886,10508.009102106094,13.4,17915.6,0.75,7457.5
92,465,0.99995,0.5105263157894515,10654.070852518082,13.2,17602.9,15.75,19999.0
93,470,0.3103125,0.5052631578947144,10779.26942205429,14.7,17049.8,0.5,6206.25
94,475,0.244425,0.4999999999999774,10905.464829206467,15.9,17555.3,0.25,4888.5
95,480,0.3109625,0.4947368421052406,11049.987344026566,17.3,18909.0,0.5,6219.25
96,485,0.3228875,0.4894736842105038,11173.345779895782,16.7,18329.0,0.5,6457.75
97,490,0.4200625,0.484210526315767,11310.48845243454,15.5,17519.8,0.75,8401.25
98,495,0.311125,0.4789473684210302,11426.99504995346,13.8,16988.7,0.5,6222.5
99,500,0.2611125,0.4736842105262934,11547.402314662933,12.3,15680.3,0.25,5222.25
100,505,0.99995,0.4684210526315566,11688.357941865921,12.4,15538.3,15.5,19999.0
101,510,0.99995,0.4631578947368198,11794.723435640335,9.6,13085.3,16.75,19999.0
102,515,0.99995,0.457894736842083,11927.351513624191,7.9,11598.8,17.0,19999.0
103,520,0.99995,0.4526315789473462,12095.533439159393,8.9,13445.3,12.5,19999.0
104,525,0.360275,0.4473684210526094,12261.475586175919,13.0,16422.9,0.75,7205.5
105,530,0.3564,0.4421052631578726,12391.71548986435,13.2,16231.2,0.5,7128.0
106,535,0.3306125,0.43684210526313577,12525.967612028122,9.3,13902.8,0.5,6612.25
107,540,0.3539875,0.43157894736839897,12652.092622756958,10.4,13719.6,0.5,7079.75
108,545,0.4047125,0.42631578947366217,12829.515246629715,13.7,15863.2,0.75,8094.25
109,550,0.3324875,0.42105263157892536,12974.524552106857,13.9,16744.1,0.5,6649.75
110,555,0.99995,0.41578947368418856,13106.837553024292,11.4,14040.2,14.5,19999.0
111,560,0.4466875,0.41052631578945176,13269.313774824142,12.0,14436.9,1.0,8933.75
112,565,0.99995,0.40526315789471495,13443.369064331055,13.3,15476.1,12.5,19999.0
113,570,0.99995,0.39999999999997815,13572.784969091415,9.5,12438.5,16.5,19999.0
114,575,0.99995,0.39473684210524135,13793.189398288727,10.3,13691.2,16.75,19999.0
115,580,0.99995,0.38947368421050454,14081.115280866623,13.2,16323.2,15.0,19999.0
116,585,0.3434375,0.38421052631576774,14318.015501022339,13.5,16194.2,0.75,6868.75
117,590,0.35695,0.37894736842103094,14514.33002614975,15.3,16224.7,0.5,7139.0
118,595,0.99995,0.37368421052629414,14748.601858854294,14.8,16266.5,11.0,19999.0
119,600,0.290825,0.36842105263155733,14901.138761997223,14.2,15669.2,0.25,5816.5
120,605,0.2074,0.36315789473682053,15046.232268333435,11.5,12755.4,0.0,4148.0
121,610,0.293575,0.3578947368420837,15267.484121084213,10.7,13984.7,0.25,5871.5
122,615,0.387025,0.3526315789473469,15450.490574121475,11.6,15422.2,0.75,7740.5
123,620,0.3725625,0.3473684210526101,15618.766683578491,10.2,14332.5,0.5,7451.25
124,625,0.3569125,0.3421052631578733,15798.497103691101,9.3,15052.7,0.75,7138.25
125,630,0.99395,0.3368421052631365,16082.19586968422,11.4,16232.4,16.5,19879.0
126,635,0.8549375,0.3315789473683997,16295.553885698318,11.1,15100.7,14.5,17098.75
127,640,0.8006875,0.3263157894736629,16506.830604553223,9.1,15186.4,14.75,16013.75
128,645,0.3502,0.3210526315789261,16690.42680454254,10.0,16979.4,0.75,7004.0
129,650,0.99995,0.3157894736841893,16909.972513198853,11.5,16219.3,19.5,19999.0
130,655,0.2951125,0.3105263157894525,17066.435608386993,11.8,14613.1,0.25,5902.25
131,660,0.99995,0.3052631578947157,17242.26317167282,10.4,13264.5,17.5,19999.0
132,665,0.9812375,0.2999999999999789,17434.391316890717,11.0,13791.9,16.5,19624.75
133,670,0.3398625,0.2947368421052421,17540.962342262268,10.0,13556.8,0.5,6797.25
134,675,0.3501875,0.2894736842105053,17710.272837162018,8.9,14764.1,0.75,7003.75
135,680,0.5817875,0.2842105263157685,17974.4543261528,12.6,17940.1,0.75,11635.75
136,685,0.99995,0.2789473684210317,18149.445964097977,11.1,14359.3,13.25,19999.0
137,690,0.99995,0.2736842105262949,18415.152092456818,11.5,14915.9,14.0,19999.0
138,695,0.3928375,0.2684210526315581,18559.08994102478,14.1,18055.0,0.75,7856.75
139,700,0.99995,0.2631578947368213,18710.272738933563,10.2,14742.3,16.25,19999.0
140,705,0.3410875,0.25789473684208447,18877.400635242462,10.5,15058.8,0.5,6821.75
141,710,0.3590375,0.25263157894734767,19032.80295395851,10.5,16256.4,0.75,7180.75
142,715,0.866175,0.24736842105261087,19187.731605052948,9.1,14601.7,8.75,17323.5
143,720,0.3196875,0.24210526315787406,19296.98927974701,8.5,12233.0,0.5,6393.75
144,725,0.3308875,0.23684210526313726,19415.750391483307,9.0,12763.7,0.5,6617.75
145,730,0.3073625,0.23157894736840046,19501.036102056503,8.2,12452.8,0.5,6147.25
146,735,0.8023875,0.22631578947366365,19618.996260643005,7.5,10827.5,11.5,16047.75
147,740,0.2808,0.22105263157892685,19725.572841644287,7.6,11308.4,0.5,5616.0
148,745,0.99995,0.21578947368419005,19877.207521677017,7.8,12065.1,20.0,19999.0
149,750,0.99995,0.21052631578945324,20075.718218803406,11.3,15052.9,9.75,19999.0
150,755,0.3059375,0.20526315789471644,20209.48333311081,11.2,15367.2,0.5,6118.75
151,760,0.3225625,0.19999999999997964,20364.589698076248,9.8,14228.4,0.5,6451.25
152,765,0.3566,0.19473684210524284,20525.44567155838,10.5,15327.2,0.75,7132.0
153,770,0.2867875,0.18947368421050603,20694.963150024414,11.9,16195.7,0.25,5735.75
154,775,0.3470125,0.18421052631576923,20847.486645698547,11.8,15758.4,0.75,6940.25
155,780,0.3462375,0.17894736842103243,20989.898635864258,9.7,14295.6,0.5,6924.75
156,785,0.278375,0.17368421052629562,21136.66444325447,9.4,14163.5,0.25,5567.5
157,790,0.3491875,0.16842105263155882,21312.629559278488,11.9,15772.2,0.5,6983.75
158,795,0.99995,0.16315789473682202,21453.27056121826,10.1,14064.6,9.75,19999.0
159,800,0.3868875,0.15789473684208521,21640.02757334709,9.5,14628.5,0.75,7737.75
160,805,0.3647125,0.1526315789473484,21811.132764816284,11.8,17434.8,0.75,7294.25
161,810,0.3558,0.1473684210526116,21993.821445465088,11.9,17430.0,0.75,7116.0
162,815,0.3790875,0.1421052631578748,22169.380373239517,13.3,17677.0,0.75,7581.75
163,820,0.3627625,0.136842105263138,22312.29668688774,11.9,15443.8,0.5,7255.25
164,825,0.2837625,0.1315789473684012,22426.50933098793,8.4,12333.8,0.5,5675.25
165,830,0.2686625,0.1263157894736644,22523.551760196686,6.5,10047.7,0.25,5373.25
166,835,0.8979375,0.12105263157892754,22682.775100708008,7.5,10926.4,17.5,17958.75
167,840,0.3020375,0.11578947368419067,22828.757429361343,9.4,13163.3,0.25,6040.75
168,845,0.3141,0.1105263157894538,22979.14690208435,11.0,14174.4,0.5,6282.0
169,850,0.29165,0.10526315789471692,23109.268488168716,9.8,13655.5,0.5,5833.0
170,855,0.682675,0.09999999999998005,23231.323933124542,6.6,11660.2,5.5,13653.5
171,860,0.378925,0.09473684210524318,23363.656457185745,7.8,12203.6,0.75,7578.5
172,865,0.827825,0.0894736842105063,23511.95087170601,9.3,13000.6,10.5,16556.5
173,870,0.3419625,0.08421052631576943,23602.034183502197,8.1,12374.0,0.75,6839.25
174,875,0.2857375,0.07894736842103256,23693.068782567978,8.7,12938.5,0.25,5714.75
175,880,0.4076125,0.07368421052629569,23785.058392763138,9.1,13265.4,1.0,8152.25
176,885,0.813725,0.06842105263155882,23899.59458231926,8.6,14026.3,13.25,16274.5
177,890,0.90185,0.06315789473682194,24012.80184841156,10.0,14538.1,14.5,18037.0
178,895,0.3676375,0.057894736842085105,24110.178806066513,11.1,14132.8,0.5,7352.75
179,900,0.8431125,0.05263157894734827,24239.565608024597,10.9,15687.4,12.75,16862.25
180,905,0.3233125,0.05,24345.93187069893,12.8,16487.4,0.5,6466.25
181,910,0.99995,0.05,24465.30327630043,13.9,15147.9,16.5,19999.0
182,915,0.33735,0.05,24543.244473695755,9.6,12826.6,0.5,6747.0
183,920,0.2616875,0.05,24620.055339097977,5.8,11183.0,0.25,5233.75
184,925,0.99995,0.05,24706.132226467133,5.8,10260.4,14.5,19999.0
185,930,0.36255,0.05,24802.906794786453,9.2,11659.7,0.5,7251.0
186,935,0.99995,0.05,24909.945358276367,11.1,13376.0,15.0,19999.0
187,940,0.3392125,0.05,24993.094223737717,8.2,12263.6,0.5,6784.25
188,945,0.2936625,0.05,25055.685009479523,5.6,10342.0,0.25,5873.25
189,950,0.99995,0.05,25177.065534591675,7.6,11938.2,14.75,19999.0
190,955,0.99995,0.05,25296.28546476364,11.9,14831.6,12.5,19999.0
191,960,0.4327375,0.05,25406.06635570526,12.4,15243.4,1.0,8654.75
192,965,0.740075,0.05,25517.295214891434,10.4,15243.2,10.25,14801.5
193,970,0.9314625,0.05,25610.50135421753,7.8,12689.2,13.5,18629.25
194,975,0.872825,0.05,25711.39628958702,6.1,11506.7,8.0,17456.5
195,980,0.99995,0.05,25826.619077920914,8.4,13232.6,11.25,19999.0
196,985,0.3536375,0.05,25894.889533042908,8.3,11839.3,0.75,7072.75
197,990,0.99995,0.05,26018.530547380447,9.2,12388.7,13.5,19999.0
198,995,0.99995,0.05,26150.729370117188,12.6,16112.2,8.75,19999.0
199,1000,0.4696,0.05,26266.68913936615,12.2,16805.8,1.0,9392.0
