,episode,test_success_ratio,epsilon,time,train_score,train_mean_steps,test_score,test_mean_steps
0,5,0.3159875,0.9944444444444447,116.64650177955627,,,0.25,6319.75
1,10,0.301425,0.9888888888888894,247.092999458313,16.6,18003.9,0.25,6028.5
2,15,0.99995,0.9833333333333341,401.9055004119873,19.6,19954.8,15.0,19999.0
3,20,0.3099375,0.9777777777777787,529.2165071964264,16.8,18814.4,0.25,6198.75
4,25,0.3752125,0.9722222222222234,669.3549997806549,13.5,17587.6,0.75,7504.25
5,30,0.52055,0.9666666666666681,824.2539989948273,13.8,18222.4,0.5,10411.0
6,35,0.392275,0.9611111111111128,963.3134999275208,14.1,18057.2,0.75,7845.5
7,40,0.2073125,0.9555555555555575,1072.3934996128082,12.2,15628.6,0.0,4146.25
8,45,0.397375,0.9500000000000022,1185.4189999103546,11.4,13880.5,0.75,7947.5
9,50,0.99995,0.9444444444444469,1353.2324998378754,14.6,16814.7,18.25,19999.0
10,55,0.32735,0.9388888888888915,1463.394998550415,14.5,17317.5,0.5,6547.0
11,60,0.2788125,0.9333333333333362,1590.18549990654,13.4,15940.0,0.25,5576.25
12,65,0.2348125,0.9277777777777809,1709.501999616623,15.1,16975.5,0.0,4696.25
13,70,0.361875,0.9222222222222256,1866.4929995536804,13.9,17214.5,0.75,7237.5
14,75,0.433975,0.9166666666666703,2051.3275005817413,14.4,17834.7,0.75,8679.5
15,80,0.3308625,0.911111111111115,2216.288500547409,15.5,18093.0,0.5,6617.25
16,85,0.2598375,0.9055555555555597,2327.039504289627,13.0,16604.2,0.25,5196.75
17,90,0.37725,0.9000000000000044,2451.0159990787506,12.4,16329.4,0.5,7545.0
18,95,0.2845125,0.894444444444449,2581.4434995651245,13.6,17634.7,0.25,5690.25
19,100,0.340825,0.8888888888888937,2736.6154997348785,13.7,18789.7,0.75,6816.5
20,105,0.3436375,0.8833333333333384,2883.387999534607,15.9,19879.6,0.75,6872.75
21,110,0.9354375,0.8777777777777831,3045.4064996242523,16.4,18917.5,12.75,18708.75
22,115,0.2772375,0.8722222222222278,3173.9364998340607,13.9,17629.6,0.25,5544.75
23,120,0.252725,0.8666666666666725,3312.369499206543,14.9,18498.2,0.25,5054.5
24,125,0.4482375,0.8611111111111172,3459.2049992084503,17.8,19906.5,1.0,8964.75
25,130,0.82285,0.8555555555555618,3603.0214989185333,14.6,18978.1,15.25,16457.0
26,135,0.32865,0.8500000000000065,3765.433499097824,13.9,18978.1,0.5,6573.0
27,140,0.9621375,0.8444444444444512,3915.6635026931763,12.8,18249.3,16.0,19242.75
28,145,0.3006125,0.8388888888888959,4046.2374987602234,11.7,16890.6,0.25,6012.25
29,150,0.99995,0.8333333333333406,4186.70449924469,13.4,16698.5,19.75,19999.0
30,155,0.2818625,0.8277777777777853,4309.32049870491,13.4,16853.2,0.25,5637.25
31,160,0.99995,0.82222222222223,4409.224005460739,10.8,13981.5,13.5,19999.0
32,165,0.3250625,0.8166666666666746,4551.576999425888,11.5,15022.9,0.5,6501.25
33,170,0.3261,0.8111111111111193,4740.884999036789,15.5,19837.4,0.5,6522.0
34,175,0.4142,0.805555555555564,4834.940506696701,11.5,16022.7,1.0,8284.0
35,180,0.2937375,0.8000000000000087,4951.868000030518,11.3,13362.0,0.25,5874.75
36,185,0.231725,0.7944444444444534,5072.888998746872,12.9,14722.2,0.0,4634.5
37,190,0.36825,0.7888888888888981,5207.807499408722,11.4,15595.2,0.75,7365.0
38,195,0.3125375,0.7833333333333428,5404.909499645233,14.3,18212.3,0.5,6250.75
39,200,0.99995,0.7777777777777874,5587.381000757217,14.7,17393.4,14.0,19999.0
40,205,0.363125,0.7722222222222321,5803.8419988155365,13.8,17393.4,0.75,7262.5
41,210,0.2737,0.7666666666666768,5917.256999731064,12.7,16915.7,0.25,5474.0
42,215,0.3043625,0.7611111111111215,6075.906000137329,12.3,16109.2,0.5,6087.25
43,220,0.3409,0.7555555555555662,6215.841999769211,13.7,16777.2,0.5,6818.0
44,225,0.3386875,0.7500000000000109,6416.271500349045,12.0,16010.0,0.5,6773.75
45,230,0.3796125,0.7444444444444556,6560.898999929428,13.6,18426.3,0.75,7592.25
46,235,0.99995,0.7388888888889003,6772.743999481201,14.9,18729.5,17.0,19999.0
47,240,0.280825,0.7333333333333449,6893.861309051514,13.5,16984.0,0.5,5616.5
48,245,0.332075,0.7277777777777896,7025.907309055328,15.0,18254.5,0.5,6641.5
49,250,0.99995,0.7222222222222343,7140.8693079948425,14.1,17106.4,13.25,19999.0
50,255,0.3438125,0.716666666666679,7246.927307605743,12.8,14941.6,0.75,6876.25
51,260,0.3485625,0.7111111111111237,7371.543808221817,16.1,17835.2,0.5,6971.25
52,265,0.3119125,0.7055555555555684,7484.907808542252,15.7,18482.8,0.5,6238.25
53,270,0.99995,0.7000000000000131,7636.497808456421,14.8,18482.8,14.0,19999.0
54,275,0.99995,0.6944444444444577,7783.98880815506,15.3,19597.6,16.25,19999.0
55,280,0.38045,0.6888888888889024,7899.76380777359,14.5,17957.0,0.75,7609.0
56,285,0.3712,0.6833333333333471,8010.1853086948395,13.1,16677.2,0.75,7424.0
57,290,0.99995,0.6777777777777918,8111.439809322357,10.1,14092.5,13.75,19999.0
58,295,0.36715,0.6722222222222365,8212.874807834625,9.6,13343.2,0.75,7343.0
59,300,0.3597,0.6666666666666812,8334.49330830574,12.6,16341.9,0.5,7194.0
60,305,0.3111375,0.6611111111111259,8432.441808223724,12.9,16060.4,0.5,6222.75
61,310,0.3548625,0.6555555555555705,8536.67380809784,13.6,15118.2,0.75,7097.25
62,315,0.3334125,0.6500000000000152,8627.076807975769,11.9,14593.7,0.5,6668.25
63,320,0.3123375,0.6444444444444599,8722.443807840347,9.3,14023.3,0.5,6246.75
64,325,0.2539875,0.6388888888889046,8830.811308860779,11.7,15445.5,0.0,5079.75
65,330,0.2814625,0.6333333333333493,8951.883307933807,14.0,17527.6,0.25,5629.25
66,335,0.99995,0.627777777777794,9082.473308563232,14.9,17625.6,19.25,19999.0
67,340,0.99995,0.6222222222222387,9211.197808504105,14.1,16440.2,16.5,19999.0
68,345,0.312275,0.6166666666666833,9322.538808822632,15.3,16517.6,0.5,6245.5
69,350,0.2324625,0.611111111111128,9451.719808578491,19.0,18360.1,0.25,4649.25
70,355,0.99995,0.6055555555555727,9574.55130815506,17.0,17962.5,13.75,19999.0
71,360,0.2484125,0.6000000000000174,9660.093307495117,10.7,14554.0,0.25,4968.25
72,365,0.99995,0.5944444444444621,9772.959308862686,7.7,13439.0,15.25,19999.0
73,370,0.99995,0.5888888888889068,9921.512808322906,14.3,16847.5,13.25,19999.0
74,375,0.3410125,0.5833333333333515,10018.9808075428,14.9,17579.6,0.75,6820.25
75,380,0.32185,0.5777777777777962,10117.467307329178,10.6,15158.9,0.5,6437.0
76,385,0.2742,0.5722222222222408,10233.029308319092,14.7,16142.5,0.25,5484.0
77,390,0.7943375,0.5666666666666855,10328.178808450699,11.7,14104.4,10.75,15886.75
78,395,0.3235125,0.5611111111111302,10447.354307413101,11.4,14722.9,0.5,6470.25
79,400,0.99995,0.5555555555555749,10593.354808092117,16.6,18498.8,14.25,19999.0
80,405,0.4078875,0.5500000000000196,10696.625308036804,15.1,16535.0,0.75,8157.75
81,410,0.26985,0.5444444444444643,10791.650808811188,11.8,14250.4,0.25,5397.0
82,415,0.3079125,0.538888888888909,10943.038808345795,12.2,15165.0,0.5,6158.25
83,420,0.3341,0.5333333333333536,11072.133808374405,14.1,16818.0,0.5,6682.0
84,425,0.330125,0.5277777777777983,11174.906809568405,13.5,15594.1,0.5,6602.5
85,430,0.3256625,0.522222222222243,11305.206809043884,12.9,15435.2,0.5,6513.25
86,435,0.99995,0.5166666666666877,11450.726307868958,14.7,16617.3,11.75,19999.0
87,440,0.99995,0.5111111111111324,11538.930307626724,10.7,12320.9,13.75,19999.0
88,445,0.4608375,0.5055555555555771,11662.539307832718,11.5,13523.4,1.0,9216.75
89,450,0.3785375,0.5000000000000218,11764.304808616638,13.8,17004.3,0.75,7570.75
90,455,0.3352375,0.49444444444446617,11852.664808034897,9.1,13925.6,0.5,6704.75
91,460,0.299925,0.4888888888889106,11944.519807338715,8.2,12841.2,0.25,5998.5
92,465,0.341925,0.483333333333355,12021.420308113098,8.2,12182.1,0.5,6838.5
93,470,0.3513,0.4777777777777994,12119.244314670563,10.0,12649.4,0.5,7026.0
94,475,0.869025,0.4722222222222438,12239.012309074402,11.4,14518.7,10.0,17380.5
95,480,0.99995,0.4666666666666882,12333.72130727768,7.9,12407.6,15.0,19999.0
96,485,0.99995,0.4611111111111326,12463.913307189941,9.7,12882.9,13.25,19999.0
97,490,0.2849,0.45555555555557703,12595.673307657242,15.1,17747.9,0.25,5698.0
98,495,0.3816625,0.45000000000002144,12722.523813009262,14.7,18581.3,0.75,7633.25
99,500,0.4362375,0.44444444444446585,12843.320309638977,14.0,17313.2,1.0,8724.75
100,505,0.3852125,0.43888888888891026,12991.37830877304,14.6,17874.8,0.75,7704.25
101,510,0.99995,0.43333333333335466,13128.924308300018,13.3,16921.2,14.75,19999.0
102,515,0.442825,0.4277777777777991,13225.905807733536,10.3,13787.1,1.0,8856.5
103,520,0.2717375,0.4222222222222435,13334.783808469772,10.9,13846.6,0.25,5434.75
104,525,0.2947125,0.4166666666666879,13457.076308965683,13.2,16473.8,0.25,5894.25
105,530,0.258575,0.4111111111111323,13565.578809022903,13.3,16566.9,0.25,5171.5
106,535,0.99995,0.4055555555555767,13673.645808458328,9.9,13448.3,17.5,19999.0
107,540,0.4975,0.4000000000000211,13802.218809366226,10.9,14286.9,0.5,9950.0
108,545,0.3530125,0.3944444444444655,13939.840307950974,13.8,17662.1,0.5,7060.25
109,550,0.8606625,0.38888888888890993,14068.699307918549,12.4,16665.6,12.75,17213.25
110,555,0.342425,0.38333333333335434,14197.501307964325,15.3,16471.7,0.75,6848.5
111,560,0.99995,0.37777777777779875,14310.608308076859,13.7,15012.1,16.25,19999.0
112,565,0.3872125,0.37222222222224316,14434.058808326721,12.7,14971.6,0.75,7744.25
113,570,0.3254,0.36666666666668757,14520.67230796814,11.9,14746.9,0.5,6508.0
114,575,0.4144375,0.361111111111132,14661.57730770111,12.1,15841.3,0.75,8288.75
115,580,0.3824125,0.3555555555555764,14785.500808477402,13.6,18281.7,0.75,7648.25
116,585,0.294625,0.3500000000000208,14884.976307868958,10.4,15298.4,0.25,5892.5
117,590,0.3927,0.3444444444444652,15011.595808267593,10.8,15638.0,0.75,7854.0
118,595,0.99995,0.3388888888889096,15103.150307893753,7.3,13626.1,17.0,19999.0
119,600,0.331875,0.333333333333354,15213.537810564041,7.9,12977.8,0.5,6637.5
120,605,0.25705,0.32777777777779843,15315.002808094025,13.7,15603.8,0.25,5141.0
121,610,0.2896875,0.32222222222224284,15421.08330821991,13.6,15350.5,0.25,5793.75
122,615,0.3024875,0.31666666666668725,15516.698808193207,10.7,14511.7,0.5,6049.75
123,620,0.3209,0.31111111111113166,15637.251308918,10.4,15413.5,0.5,6418.0
124,625,0.40285,0.30555555555557606,15732.216812849045,9.4,15096.0,1.0,8057.0
125,630,0.4032875,0.3000000000000205,15817.637806892395,9.4,12152.6,0.75,8065.75
126,635,0.210125,0.2944444444444649,15949.880307674408,13.8,15628.6,0.0,4202.5
127,640,0.5195,0.2888888888889093,16048.45830821991,12.5,16590.8,0.5,10390.0
128,645,0.99995,0.2833333333333537,16171.730308771133,9.5,14308.3,15.75,19999.0
129,650,0.400425,0.2777777777777981,16281.584309101105,12.2,15316.1,0.75,8008.5
130,655,0.39825,0.2722222222222425,16380.967808008194,12.4,14822.2,0.75,7965.0
131,660,0.2982125,0.2666666666666869,16485.17780828476,11.9,14793.3,0.5,5964.25
132,665,0.3514125,0.26111111111113133,16574.96130824089,10.8,13897.3,0.5,7028.25
133,670,0.3127625,0.25555555555557574,16676.25730919838,9.0,13654.6,0.5,6255.25
134,675,0.4525,0.25000000000002015,16773.769808769226,8.6,13377.3,1.0,9050.0
135,680,0.326925,0.24444444444446456,16875.241307735443,9.6,13204.8,0.5,6538.5
136,685,0.3587,0.23888888888890897,16971.959807395935,10.8,14154.5,0.5,7174.0
137,690,0.266725,0.23333333333335338,17099.15380883217,11.3,15840.5,0.25,5334.5
138,695,0.99995,0.22777777777779779,17213.148308992386,12.0,15963.0,14.5,19999.0
139,700,0.3902875,0.2222222222222422,17328.022807836533,11.4,14869.7,0.75,7805.75
140,705,0.3406625,0.2166666666666866,17417.48381614685,10.7,14174.1,0.5,6813.25
141,710,0.82755,0.211111111111131,17524.236809253693,8.5,12800.8,11.25,16551.0
142,715,0.240375,0.20555555555557542,17623.092808008194,9.9,13927.3,0.0,4807.5
143,720,0.99995,0.20000000000001983,17720.65030813217,9.3,12770.6,15.25,19999.0
144,725,0.2302125,0.19444444444446424,17841.581807613373,11.2,14608.0,0.0,4604.25
145,730,0.2707375,0.18888888888890865,17948.075808286667,14.6,16620.3,0.25,5414.75
146,735,0.3225625,0.18333333333335305,18062.9258081913,13.6,15874.8,0.5,6451.25
147,740,0.99995,0.17777777777779746,18177.01730942726,12.2,15089.0,14.0,19999.0
148,745,0.2907875,0.17222222222224187,18269.110808610916,9.3,13036.3,0.25,5815.75
149,750,0.76465,0.16666666666668628,18382.604808330536,10.0,13214.6,8.5,15293.0
150,755,0.311525,0.1611111111111307,18485.83630847931,11.5,14162.7,0.5,6230.5
151,760,0.361425,0.1555555555555751,18575.391807556152,10.9,13541.4,0.5,7228.5
152,765,0.323175,0.1500000000000195,18668.60680794716,9.9,12816.4,0.5,6463.5
153,770,0.2783625,0.14444444444446392,18779.751809358597,11.3,14862.2,0.25,5567.25
154,775,0.4030875,0.13888888888890832,18892.986809015274,12.0,16038.8,0.75,8061.75
155,780,0.3393625,0.13333333333335273,19013.187807559967,12.6,16474.6,0.5,6787.25
156,785,0.9476125,0.12777777777779714,19164.59930872917,15.3,17508.4,16.75,18952.25
157,790,0.99995,0.12222222222224159,19318.758813858032,16.5,18775.8,14.5,19999.0
158,795,0.3716125,0.11666666666668607,19392.999808311462,11.7,14829.0,0.75,7432.25
159,800,0.3009375,0.11111111111113055,19466.853808164597,7.2,9945.8,0.25,6018.75
160,805,0.361325,0.10555555555557503,19548.171308517456,7.2,10462.9,0.75,7226.5
161,810,0.323625,0.1000000000000195,19638.739807844162,8.5,11835.8,0.5,6472.5
162,815,0.99995,0.09444444444446398,19759.439311027527,9.0,13264.2,17.25,19999.0
163,820,0.37675,0.08888888888890846,19848.740308761597,8.6,12999.1,0.75,7535.0
164,825,0.99995,0.08333333333335294,19934.76030921936,6.4,9832.6,14.5,19999.0
165,830,0.4273,0.07777777777779742,20027.281811714172,4.8,9472.5,0.75,8546.0
166,835,0.323425,0.0722222222222419,20137.31330895424,8.8,13258.1,0.5,6468.5
167,840,0.2833125,0.06666666666668637,20255.14630842209,12.2,16060.9,0.25,5666.25
168,845,0.3730875,0.061111111111130836,20345.41281056404,10.8,14550.6,0.75,7461.75
169,850,0.7927,0.05555555555557528,20440.327308654785,7.8,11516.9,14.75,15854.0
170,855,0.3747,0.05000000000001972,20559.351807832718,12.0,14013.5,0.5,7494.0
171,860,0.3251875,0.05,20694.933807849884,18.0,18485.4,0.5,6503.75
172,865,0.43705,0.05,20773.11430811882,12.9,14942.8,1.0,8741.0
173,870,0.99995,0.05,20919.580809116364,11.0,13979.9,13.25,19999.0
174,875,0.2152375,0.05,21016.74480819702,12.5,16041.4,0.0,4304.75
175,880,0.240975,0.05,21146.2523086071,12.1,15844.9,0.25,4819.5
176,885,0.377225,0.05,21268.0648086071,14.1,17346.4,0.75,7544.5
177,890,0.99995,0.05,21390.887308359146,10.9,15211.7,13.5,19999.0
178,895,0.3173875,0.05,21503.11330795288,9.5,14397.8,0.5,6347.75
179,900,0.38675,0.05,21615.963308095932,11.7,15599.7,0.75,7735.0
180,905,0.3179,0.05,21725.486808538437,11.8,15709.9,0.5,6358.0
181,910,0.3422,0.05,21826.92330813408,10.2,14850.9,0.5,6844.0
182,915,0.34015,0.05,21925.390810251236,9.0,13474.5,0.5,6803.0
183,920,0.3727875,0.05,22023.27280831337,7.5,12177.3,0.5,7455.75
184,925,0.4189875,0.05,22173.084808826447,9.1,13485.3,1.0,8379.75
185,930,0.34085,0.05,22299.942308664322,13.2,16501.9,0.5,6817.0
186,935,0.327525,0.05,22384.59880757332,11.7,14860.1,0.5,6550.5
187,940,0.3894875,0.05,22475.65880703926,9.0,12482.5,0.75,7789.75
188,945,0.99995,0.05,22582.43530869484,8.3,12620.9,19.5,19999.0
189,950,0.9068375,0.05,22694.494807481766,8.7,13217.0,17.5,18136.75
190,955,0.3892125,0.05,22774.25580883026,8.1,12416.8,0.75,7784.25
191,960,0.99995,0.05,22934.88230729103,10.1,15146.1,14.75,19999.0
192,965,0.35405,0.05,23005.683308124542,9.0,13757.6,0.75,7081.0
193,970,0.99995,0.05,23144.261808395386,5.7,10844.5,15.25,19999.0
194,975,0.32295,0.05,23260.009808778763,10.4,15375.5,0.5,6459.0
195,980,0.340225,0.05,23388.040809631348,14.0,18322.9,0.5,6804.5
196,985,0.3455,0.05,23491.28530740738,13.3,17067.1,0.75,6910.0
197,990,0.43865,0.05,23566.646307706833,9.0,12442.0,0.75,8773.0
198,995,0.320925,0.05,23671.46180820465,8.3,12455.4,0.5,6418.5
199,1000,0.3884875,0.05,23790.170310258865,10.6,14938.7,0.75,7769.75
