,episode,test_success_ratio,epsilon,time,train_score,train_mean_steps,test_score,test_mean_steps
0,10,0.13895666666666667,0.9473684210526314,131.83050203323364,7.7,10966.8,1.0,8337.4
1,20,0.11566000000000001,0.8947368421052628,269.9884994029999,9.4,11267.6,0.6,6939.6
2,30,0.0883,0.8421052631578942,415.3055000305176,10.7,12000.0,0.2,5298.0
3,40,0.09984,0.7894736842105257,562.1079986095428,10.2,11934.6,0.4,5990.4
4,50,0.11172,0.7368421052631571,702.3765013217926,9.8,11203.4,0.4,6703.2
5,60,0.08883,0.6842105263157885,839.7035009860992,9.4,11162.0,0.2,5329.8
6,70,0.12385,0.6315789473684199,990.1915004253387,11.7,12000.0,0.8,7431.0
7,80,0.19998333333333335,0.5789473684210513,1147.1345076560974,9.0,11551.5,10.8,11999.0
8,90,0.11308333333333333,0.5263157894736827,1278.8289999961853,7.7,10273.8,0.4,6785.0
9,100,0.11232333333333333,0.47368421052631415,1418.8169991970062,8.4,10823.6,0.4,6739.4
10,110,0.19998333333333335,0.42105263157894557,1581.2094991207123,9.9,11367.3,11.8,11999.0
11,120,0.19998333333333335,0.368421052631577,1752.2710001468658,11.2,11537.6,7.8,11999.0
12,130,0.10149666666666667,0.3157894736842084,1898.3630006313324,9.4,11323.7,0.4,6089.8
13,140,0.11901,0.2631578947368398,2053.590001106262,7.4,10243.1,0.6,7140.6
14,150,0.19998333333333335,0.21052631578947145,2252.4655001163483,9.9,11455.1,9.8,11999.0
15,160,0.12349333333333334,0.15789473684210314,2429.6429991722107,8.1,10522.2,0.8,7409.6
16,170,0.08440333333333333,0.10526315789473478,2567.6749980449677,6.8,10892.7,0.2,5064.2
17,180,0.14349333333333333,0.052631578947366336,2717.1855001449585,8.6,11306.0,1.0,8609.6
18,190,0.08554333333333335,0.02,2843.976001262665,5.5,9886.7,0.2,5132.6
19,200,0.1053,0.02,2949.5650005340576,4.6,8068.5,0.4,6318.0
