,episode,test_success_ratio,epsilon,time,train_score,train_mean_steps,test_score,test_mean_steps
0,5,0.2666375,0.9973684210526315,192.5291793346405,,,0.25,5332.75
1,10,0.99995,0.9947368421052629,367.8796091079712,13.7,16585.0,15.75,19999.0
2,15,0.8686625,0.9921052631578944,587.8212139606476,11.4,15281.6,13.75,17373.25
3,20,0.3370125,0.9894736842105258,803.9832541942596,14.9,18696.6,0.5,6740.25
4,25,0.318625,0.9868421052631573,998.0300512313843,15.7,18926.5,0.5,6372.5
5,30,0.2693375,0.9842105263157888,1148.672330379486,11.9,15769.0,0.25,5386.75
6,35,0.2837,0.9815789473684202,1363.055815935135,13.5,16842.5,0.25,5674.0
7,40,0.3152125,0.9789473684210517,1565.9125819206238,18.1,19464.7,0.5,6304.25
8,45,0.2322125,0.9763157894736831,1740.293443441391,17.5,17555.6,0.0,4644.25
9,50,0.3128125,0.9736842105263146,1919.1700537204742,16.6,16236.4,0.5,6256.25
10,55,0.288575,0.9710526315789461,2107.8430964946747,15.9,16872.4,0.5,5771.5
11,60,0.99995,0.9684210526315775,2304.7354185581207,13.1,16098.5,15.75,19999.0
12,65,0.917725,0.965789473684209,2541.562126159668,13.5,16813.4,13.25,18354.5
13,70,0.85125,0.9631578947368404,2779.135034561157,18.5,19441.8,9.75,17025.0
14,75,0.99995,0.9605263157894719,2980.650700569153,15.4,17619.4,18.75,19999.0
15,80,0.2665125,0.9578947368421034,3179.063818216324,11.9,16794.8,0.25,5330.25
16,85,0.378625,0.9552631578947348,3368.3043649196625,12.6,17921.4,0.75,7572.5
17,90,0.327025,0.9526315789473663,3566.8564925193787,14.6,17876.5,0.5,6540.5
18,95,0.3511,0.9499999999999977,3786.8776121139526,17.6,19130.5,0.5,7022.0
19,100,0.283675,0.9473684210526292,3995.15776515007,18.7,19735.3,0.25,5673.5
20,105,0.99995,0.9447368421052607,4245.685271978378,19.8,19735.3,17.0,19999.0
21,110,0.321275,0.9421052631578921,4385.316036462784,13.8,16141.2,0.5,6425.5
22,115,0.2972125,0.9394736842105236,4598.094974517822,11.7,16141.2,0.5,5944.25
23,120,0.2554,0.936842105263155,4725.93208193779,11.6,15713.8,0.25,5108.0
24,125,0.311325,0.9342105263157865,4877.478244781494,9.7,12549.9,0.5,6226.5
25,130,0.2066,0.931578947368418,5085.088661193848,13.7,16687.6,0.0,4132.0
26,135,0.3019875,0.9289473684210494,5280.009031057358,14.2,19022.9,0.5,6039.75
27,140,0.349175,0.9263157894736809,5452.616534471512,12.0,16818.4,0.5,6983.5
28,145,0.341,0.9236842105263123,5644.767959356308,14.5,16357.4,0.5,6820.0
29,150,0.7922625,0.9210526315789438,5886.962570428848,18.0,18710.4,9.0,15845.25
30,155,0.4120125,0.9184210526315753,6050.8945825099945,14.8,17203.8,0.75,8240.25
31,160,0.851975,0.9157894736842067,6229.565383434296,10.7,14176.3,16.0,17039.5
32,165,0.3144375,0.9131578947368382,6446.128504991531,14.7,16972.5,0.5,6288.75
33,170,0.342675,0.9105263157894696,6635.651552438736,16.7,18506.4,0.5,6853.5
34,175,0.2706625,0.9078947368421011,6806.258518218994,13.1,16509.9,0.25,5413.25
35,180,0.3083875,0.9052631578947326,7021.61877989769,14.0,18003.5,0.5,6167.75
36,185,0.3227,0.902631578947364,7215.252144575119,14.5,18828.0,0.5,6454.0
37,190,0.307675,0.8999999999999955,7404.263316869736,14.0,17486.5,0.5,6153.5
38,195,0.3539,0.8973684210526269,7625.108645200729,15.8,18658.5,0.5,7078.0
39,200,0.8319625,0.8947368421052584,7834.940730810165,15.3,18573.9,13.0,16639.25
40,205,0.3826375,0.8921052631578898,7977.3151512146,10.7,14702.3,0.75,7652.75
41,210,0.4064625,0.8894736842105213,8163.237030506134,11.2,14460.4,1.0,8129.25
42,215,0.99995,0.8868421052631528,8336.27513885498,12.1,14379.4,16.5,19999.0
43,220,0.2986875,0.8842105263157842,8507.993598222733,11.5,13855.6,0.25,5973.75
44,225,0.278825,0.8815789473684157,8682.075866699219,13.6,15828.6,0.25,5576.5
45,230,0.2659875,0.8789473684210471,8838.4886906147,13.0,15185.1,0.25,5319.75
46,235,0.99995,0.8763157894736786,9066.613176584244,13.5,16138.4,17.5,19999.0
47,240,0.9882125,0.8736842105263101,9309.982583761215,15.2,18973.7,16.25,19764.25
48,245,0.359975,0.8710526315789415,9531.946283817291,16.7,20000.0,0.5,7199.5
49,250,0.325925,0.868421052631573,9692.389112710953,14.1,17216.9,0.5,6518.5
50,255,0.325375,0.8657894736842044,9884.3857588768,12.7,15883.7,0.5,6507.5
51,260,0.3595625,0.8631578947368359,10061.718338489532,14.4,16689.5,0.75,7191.25
52,265,0.3297375,0.8605263157894674,10240.615042686462,13.2,16208.2,0.5,6594.75
53,270,0.3719875,0.8578947368420988,10430.621986865997,13.9,16659.5,0.75,7439.75
54,275,0.411925,0.8552631578947303,10628.649354219437,14.9,17275.1,0.75,8238.5
55,280,0.277,0.8526315789473617,10829.97534108162,15.2,18146.7,0.25,5540.0
56,285,0.2340625,0.8499999999999932,11041.63607621193,15.9,19326.5,0.0,4681.25
57,290,0.292825,0.8473684210526247,11195.414864778519,13.0,16752.1,0.25,5856.5
58,295,0.99995,0.8447368421052561,11416.867473363876,11.2,15272.2,14.25,19999.0
59,300,0.30525,0.8421052631578876,11614.363576412201,13.4,17455.5,0.25,6105.0
60,305,0.99995,0.839473684210519,11805.358563899994,11.2,16231.3,18.5,19999.0
61,310,0.4102,0.8368421052631505,12026.846580982208,12.9,17240.4,1.0,8204.0
62,315,0.330475,0.834210526315782,12172.927424669266,13.7,16489.1,0.5,6609.5
63,320,0.2577375,0.8315789473684134,12326.81025838852,10.7,13539.8,0.25,5154.75
64,325,0.4415625,0.8289473684210449,12532.096214056015,12.7,15984.5,1.0,8831.25
65,330,0.99995,0.8263157894736763,12734.101525068283,13.5,16525.5,20.5,19999.0
66,335,0.3346625,0.8236842105263078,12917.065241575241,14.0,15777.6,0.5,6693.25
67,340,0.49095,0.8210526315789393,13142.510843992233,18.7,18222.3,0.5,9819.0
68,345,0.9654375,0.8184210526315707,13380.358721017838,18.5,19263.8,12.75,19308.75
69,350,0.2980625,0.8157894736842022,13571.349823474884,14.7,18017.8,0.25,5961.25
70,355,0.2707,0.8131578947368336,13757.70084309578,14.0,17358.9,0.25,5414.0
71,360,0.99995,0.8105263157894651,13986.38542509079,14.3,17417.3,14.75,19999.0
72,365,0.99995,0.8078947368420966,14215.950640439987,15.2,17697.6,14.75,19999.0
73,370,0.266825,0.805263157894728,14398.48925614357,13.0,17306.8,0.25,5336.5
74,375,0.335725,0.8026315789473595,14564.678008317947,11.4,15616.2,0.75,6714.5
75,380,0.99995,0.7999999999999909,14774.416406154633,13.2,15005.2,13.75,19999.0
76,385,0.701575,0.7973684210526224,14990.535049200058,14.7,16723.3,12.0,14031.5
77,390,0.267,0.7947368421052539,15195.421360731125,15.5,18491.0,0.25,5340.0
78,395,0.39185,0.7921052631578853,15397.857473373413,15.4,18599.0,0.75,7837.0
79,400,0.4013625,0.7894736842105168,15620.6362054348,16.6,19020.7,1.0,8027.25
80,405,0.3425625,0.7868421052631482,15841.517025470734,18.6,20000.0,0.5,6851.25
81,410,0.4215625,0.7842105263157797,16063.014686822891,19.6,20000.0,1.0,8431.25
82,415,0.3608,0.7815789473684112,16240.967599630356,17.1,17860.0,0.75,7216.0
83,420,0.294425,0.7789473684210426,16433.032910346985,13.9,16663.3,0.25,5888.5
84,425,0.3915625,0.7763157894736741,16599.14331126213,12.9,16086.3,0.75,7831.25
85,430,0.99995,0.7736842105263055,16846.322788000107,14.7,17005.5,15.5,19999.0
86,435,0.25805,0.771052631578937,17025.076146364212,15.7,18037.0,0.25,5161.0
87,440,0.34245,0.7684210526315685,17209.007309436798,13.3,16698.2,0.5,6849.0
88,445,0.244275,0.7657894736841999,17415.164051771164,14.3,17883.8,0.25,4885.5
89,450,0.2958875,0.7631578947368314,17632.259130477905,17.8,19500.1,0.25,5917.75
90,455,0.3029125,0.7605263157894628,17798.80433154106,16.5,17718.9,0.5,6058.25
91,460,0.28305,0.7578947368420943,17998.21384549141,13.4,16766.8,0.25,5661.0
92,465,0.979775,0.7552631578947258,18192.877526521683,12.5,16185.1,13.5,19595.5
93,470,0.243075,0.7526315789473572,18358.67519378662,12.2,14635.6,0.0,4861.5
94,475,0.3240625,0.7499999999999887,18526.013900518417,12.2,15002.8,0.5,6481.25
95,480,0.3700375,0.7473684210526201,18717.80858039856,12.3,16010.2,0.75,7400.75
96,485,0.293225,0.7447368421052516,18923.83955860138,15.3,17977.9,0.5,5864.5
97,490,0.3766125,0.742105263157883,19100.37438583374,15.3,17184.2,0.75,7532.25
98,495,0.3921875,0.7394736842105145,19297.43476676941,13.4,16493.2,0.75,7843.75
99,500,0.99995,0.736842105263146,19471.114454984665,11.0,14782.6,14.5,19999.0
100,505,0.4444625,0.7342105263157774,19646.820483207703,9.7,13523.2,1.0,8889.25
101,510,0.26965,0.7315789473684089,19851.601345539093,13.1,17042.0,0.25,5393.0
102,515,0.2499875,0.7289473684210404,20070.460101127625,18.2,19520.3,0.25,4999.75
103,520,0.32145,0.7263157894736718,20264.781821250916,18.7,18852.8,0.5,6429.0
104,525,0.3433875,0.7236842105263033,20453.78641104698,15.1,17224.2,0.5,6867.75
105,530,0.27115,0.7210526315789347,20674.12996816635,15.2,18371.4,0.25,5423.0
106,535,0.277225,0.7184210526315662,20864.053820371628,14.7,18628.4,0.25,5544.5
107,540,0.3782625,0.7157894736841977,21072.364498615265,14.0,17863.9,0.75,7565.25
108,545,0.3123,0.7131578947368291,21292.904423952103,17.3,19235.5,0.25,6246.0
109,550,0.2483875,0.7105263157894606,21509.27504324913,17.7,19728.2,0.25,4967.75
110,555,0.3262875,0.707894736842092,21753.502596139908,16.5,19283.8,0.5,6525.75
111,560,0.3597875,0.7052631578947235,21962.000008821487,14.0,16902.3,0.5,7195.75
112,565,0.33975,0.702631578947355,22195.7202129364,11.4,14955.5,0.5,6795.0
113,570,0.2355,0.6999999999999864,22421.707115650177,12.5,15684.3,0.25,4710.0
114,575,0.99995,0.6973684210526179,22663.00856113434,13.8,16491.2,15.0,19999.0
115,580,0.99995,0.6947368421052493,22900.312983989716,12.8,15808.0,16.0,19999.0
116,585,0.3108625,0.6921052631578808,23121.72044157982,13.3,15794.7,0.5,6217.25
117,590,0.3045875,0.6894736842105122,23308.19197869301,14.2,15964.4,0.5,6091.75
118,595,0.31975,0.6868421052631437,23512.2397916317,14.6,16732.1,0.5,6395.0
119,600,0.800075,0.6842105263157752,23715.12708902359,13.4,16869.3,7.25,16001.5
120,605,0.2432,0.6815789473684066,23870.904385089874,11.2,14692.1,0.25,4864.0
121,610,0.99995,0.6789473684210381,24109.86576294899,13.1,16131.3,17.25,19999.0
122,615,0.386625,0.6763157894736695,24302.6867787838,14.4,17472.5,0.75,7732.5
123,620,0.353,0.673684210526301,24480.56575536728,14.8,16115.2,0.5,7060.0
124,625,0.8517125,0.6710526315789325,24700.249906539917,13.5,16164.7,10.5,17034.25
125,630,0.2146875,0.6684210526315639,24882.6913895607,11.8,16597.9,0.0,4293.75
126,635,0.8727875,0.6657894736841954,25101.00791978836,13.4,16855.3,9.25,17455.75
127,640,0.2732125,0.6631578947368268,25282.406979560852,14.8,16739.9,0.25,5464.25
128,645,0.3303375,0.6605263157894583,25464.85166478157,13.0,16043.2,0.5,6606.75
129,650,0.99995,0.6578947368420898,25688.29563498497,13.0,16300.0,13.25,19999.0
130,655,0.3526875,0.6552631578947212,25905.483745098114,15.6,17691.6,0.5,7053.75
131,660,0.7913875,0.6526315789473527,26105.7190554142,12.6,17130.7,13.0,15827.75
132,665,0.2799625,0.6499999999999841,26266.020646095276,10.2,14951.8,0.25,5599.25
133,670,0.341475,0.6473684210526156,26434.441877365112,12.0,14472.6,0.5,6829.5
134,675,0.348825,0.6447368421052471,26624.193344831467,12.6,15568.6,0.75,6976.5
135,680,0.362575,0.6421052631578785,26821.221443414688,14.7,16892.9,0.5,7251.5
136,685,0.3169,0.63947368421051,26993.98435306549,12.9,16331.2,0.5,6338.0
137,690,0.99995,0.6368421052631414,27222.622402906418,13.3,16381.0,13.0,19999.0
138,695,0.99995,0.6342105263157729,27456.027413368225,14.8,17598.2,15.25,19999.0
139,700,0.36935,0.6315789473684044,27656.074198961258,12.8,17516.5,0.75,7387.0
140,705,0.99995,0.6289473684210358,27899.07817530632,14.7,17803.6,14.0,19999.0
141,710,0.3255625,0.6263157894736673,28062.79677438736,14.1,16269.3,0.5,6511.25
142,715,0.99995,0.6236842105262987,28251.318328380585,10.7,13777.5,15.25,19999.0
143,720,0.2723625,0.6210526315789302,28411.390310764313,9.3,13825.8,0.25,5447.25
144,725,0.35155,0.6184210526315617,28624.887362003326,13.2,16571.7,0.5,7031.0
145,730,0.3588875,0.6157894736841931,28796.126710176468,14.0,16835.5,0.5,7177.75
146,735,0.3288625,0.6131578947368246,28971.42111492157,10.8,15055.0,0.5,6577.25
147,740,0.29675,0.610526315789456,29126.674260616302,11.2,14623.1,0.25,5935.0
148,745,0.3548,0.6078947368420875,29326.96735548973,13.4,15726.7,0.5,7096.0
149,750,0.3040875,0.605263157894719,29534.429496526718,15.9,17973.7,0.5,6081.75
150,755,0.99995,0.6026315789473504,29790.929077863693,16.0,19068.9,16.75,19999.0
151,760,0.99995,0.5999999999999819,29993.58612036705,13.9,17258.7,15.5,19999.0
152,765,0.336875,0.5973684210526133,30155.216554164886,11.9,14273.8,0.5,6737.5
153,770,0.3304,0.5947368421052448,30335.36011981964,13.2,15628.5,0.25,6608.0
154,775,0.2634125,0.5921052631578763,30428.02701306343,10.8,13535.3,0.25,5268.25
155,780,0.4264125,0.5894736842105077,30586.890523672104,9.6,13078.2,1.0,8528.25
156,785,0.99995,0.5868421052631392,30776.596615076065,13.7,17111.2,15.25,19999.0
157,790,0.9099875,0.5842105263157706,30913.118129968643,11.7,14861.5,14.0,18199.75
158,795,0.3507375,0.5815789473684021,31057.811898708344,11.1,13640.0,0.75,7014.75
159,800,0.99995,0.5789473684210336,31225.27289748192,13.4,15246.6,16.25,19999.0
160,805,0.331825,0.576315789473665,31404.144704580307,14.0,17201.9,0.5,6636.5
161,810,0.2722625,0.5736842105262965,31564.13092970848,14.9,18172.0,0.25,5445.25
162,815,0.435775,0.5710526315789279,31725.141155958176,14.7,16997.9,1.0,8715.5
163,820,0.3813,0.5684210526315594,31857.443756341934,13.5,15196.0,0.75,7626.0
164,825,0.2904875,0.5657894736841909,32037.527497291565,14.2,16533.9,0.25,5809.75
165,830,0.3239375,0.5631578947368223,32159.331453561783,12.4,15947.9,0.5,6478.75
166,835,0.241625,0.5605263157894538,32323.866183280945,12.9,15120.9,0.0,4832.5
167,840,0.787075,0.5578947368420852,32477.11289548874,13.9,16071.3,15.25,15741.5
168,845,0.38725,0.5552631578947167,32645.07716369629,14.5,16019.2,0.75,7745.0
169,850,0.99995,0.5526315789473482,32807.91722011566,15.1,16167.4,13.5,19999.0
170,855,0.396425,0.5499999999999796,32965.89034438133,14.7,15583.3,0.75,7928.5
171,860,0.3669875,0.5473684210526111,33117.24862551689,15.6,16148.8,0.75,7339.75
172,865,0.32825,0.5447368421052425,33293.858268499374,15.4,17313.4,0.5,6565.0
173,870,0.3906625,0.542105263157874,33420.342027425766,13.1,15875.8,0.75,7813.25
174,875,0.3797875,0.5394736842105055,33544.84996342659,10.2,12820.0,0.75,7595.75
175,880,0.3426375,0.5368421052631369,33733.04531645775,13.9,16366.1,0.5,6852.75
176,885,0.400125,0.5342105263157684,33919.53175878525,14.7,20000.0,0.75,8002.5
177,890,0.2412,0.5315789473683998,34046.50871706009,11.6,16754.6,0.0,4824.0
178,895,0.275375,0.5289473684210313,34195.83093166351,12.4,14694.2,0.25,5507.5
179,900,0.99995,0.5263157894736628,34388.634685754776,15.6,16891.4,13.75,19999.0
180,905,0.99995,0.5236842105262942,34554.10123920441,14.6,16414.7,15.0,19999.0
181,910,0.208775,0.5210526315789257,34687.016214609146,11.3,14592.2,0.0,4175.5
182,915,0.2417375,0.5184210526315571,34872.193994522095,13.3,17129.3,0.0,4834.75
183,920,0.34535,0.5157894736841886,35032.500779628754,15.3,18432.8,0.75,6907.0
184,925,0.3424375,0.51315789473682,35220.07886004448,16.7,18432.8,0.5,6848.75
185,930,0.2724625,0.5105263157894515,35380.12623143196,17.5,18583.2,0.25,5449.25
186,935,0.99995,0.507894736842083,35554.593425273895,11.6,16426.6,14.5,19999.0
187,940,0.407,0.5052631578947144,35696.32154202461,9.6,15135.4,0.75,8140.0
188,945,0.3382375,0.5026315789473459,35840.55938100815,11.2,14819.8,0.5,6764.75
189,950,0.2716,0.49999999999997735,35984.717232227325,10.9,15164.1,0.25,5432.0
190,955,0.2843875,0.4973684210526088,36096.56876516342,9.9,13419.7,0.5,5687.75
191,960,0.3372,0.49473684210524027,36225.60202383995,8.7,12467.2,0.5,6744.0
192,965,0.222325,0.49210526315787173,36409.928349494934,13.6,16683.8,0.0,4446.5
193,970,0.7593875,0.4894736842105032,36541.56541848183,13.4,16000.6,14.5,15187.75
194,975,0.99995,0.48684210526313465,36746.39650797844,10.8,15624.9,14.75,19999.0
195,980,0.2548625,0.4842105263157661,36876.362407684326,12.2,16488.3,0.25,5097.25
196,985,0.3074375,0.48157894736839757,37030.35484647751,11.2,14967.6,0.5,6148.75
197,990,0.260875,0.47894736842102903,37206.85368800163,12.2,17636.8,0.25,5217.5
198,995,0.99995,0.4763157894736605,37374.29853987694,12.6,17079.3,16.25,19999.0
199,1000,0.360075,0.47368421052629195,37519.39182853699,13.0,15090.0,0.75,7201.5
200,1005,0.399675,0.4710526315789234,37660.4393184185,11.9,14778.7,0.75,7993.5
201,1010,0.343775,0.46842105263155487,37821.8006105423,10.7,15101.4,0.75,6875.5
202,1015,0.99995,0.46578947368418633,37956.79849100113,9.7,13520.7,13.5,19999.0
203,1020,0.330525,0.4631578947368178,38103.48792505264,9.5,13304.6,0.5,6610.5
204,1025,0.4311375,0.46052631578944925,38214.46002984047,9.2,13110.1,1.0,8622.75
205,1030,0.3322375,0.4578947368420807,38381.44063591957,11.0,14274.5,0.5,6644.75
206,1035,0.199325,0.45526315789471217,38487.74753570557,11.4,14408.5,0.0,3986.5
207,1040,0.2162125,0.4526315789473436,38617.360463142395,8.2,12470.1,0.0,4324.25
208,1045,0.344875,0.4499999999999751,38761.98651123047,10.2,14357.1,0.5,6897.5
209,1050,0.408425,0.44736842105260655,38882.35201907158,10.2,13520.0,0.75,8168.5
210,1055,0.99995,0.444736842105238,39027.157257795334,8.1,12338.2,11.75,19999.0
211,1060,0.292025,0.44210526315786947,39215.054050922394,11.8,16265.6,0.25,5840.5
212,1065,0.794775,0.4394736842105009,39385.32992768288,12.5,18177.6,13.5,15895.5
213,1070,0.99995,0.4368421052631324,39562.160693883896,10.4,16228.2,13.5,19999.0
214,1075,0.8251875,0.43421052631576385,39731.109167814255,11.6,15932.6,12.5,16503.75
215,1080,0.3031625,0.4315789473683953,39844.3550093174,10.2,13721.9,0.5,6063.25
216,1085,0.3389375,0.42894736842102676,40031.24607419968,14.3,15693.5,0.5,6778.75
217,1090,0.3788625,0.4263157894736582,40199.23711299896,17.7,18656.3,0.75,7577.25
218,1095,0.384325,0.4236842105262897,40351.643577337265,13.5,16593.7,0.75,7686.5
219,1100,0.3215625,0.42105263157892114,40515.44746232033,13.9,16409.2,0.5,6431.25
220,1105,0.5205625,0.4184210526315526,40664.16934156418,13.6,16060.9,0.5,10411.25
221,1110,0.3133875,0.41578947368418406,40819.71276140213,12.2,15645.5,0.5,6267.75
222,1115,0.4228375,0.4131578947368155,40932.04180812836,10.5,13686.2,1.0,8456.75
223,1120,0.4341125,0.410526315789447,41072.45909166336,8.9,12633.6,1.0,8682.25
224,1125,0.3662,0.40789473684207844,41262.57355308533,14.6,17117.0,0.75,7324.0
225,1130,0.352975,0.4052631578947099,41454.129004478455,18.4,20000.0,0.5,7059.5
226,1135,0.9520375,0.40263157894734136,41621.11466360092,16.3,17511.6,14.75,19040.75
227,1140,0.352925,0.3999999999999728,41757.268689394,12.6,14415.4,0.5,7058.5
228,1145,0.99995,0.3973684210526043,41926.68123936653,11.7,14557.5,10.5,19999.0
229,1150,0.378425,0.39473684210523574,42043.25009417534,9.6,13459.8,0.75,7568.5
230,1155,0.3601625,0.3921052631578672,42190.31591844559,8.7,13318.9,0.75,7203.25
231,1160,0.366225,0.38947368421049866,42351.81314778328,12.7,15869.8,0.5,7324.5
232,1165,0.8251625,0.3868421052631301,42490.30592298508,11.9,14514.3,12.75,16503.25
233,1170,0.3813375,0.3842105263157616,42668.89878296852,11.6,15426.2,0.75,7626.75
234,1175,0.3144125,0.38157894736839304,42752.38369488716,9.4,13372.5,0.5,6288.25
235,1180,0.3493875,0.3789473684210245,42913.318776369095,9.0,12482.5,0.5,6987.75
236,1185,0.4448,0.37631578947365596,43069.80112576485,12.5,16216.4,1.0,8896.0
237,1190,0.3714875,0.3736842105262874,43240.17559623718,12.7,16740.9,0.75,7429.75
238,1195,0.30955,0.3710526315789189,43366.27581119537,11.4,15365.3,0.5,6191.0
239,1200,0.4083125,0.36842105263155034,43502.22529935837,8.9,13318.9,0.75,8166.25
240,1205,0.3698875,0.3657894736841818,43658.6049683094,11.2,14906.6,0.75,7397.75
241,1210,0.3869625,0.36315789473681326,43782.13958930969,11.4,14239.3,0.75,7739.25
242,1215,0.99995,0.3605263157894447,43953.21665811539,9.0,13555.1,15.75,19999.0
243,1220,0.313625,0.3578947368420762,44086.93392777443,9.3,14237.6,0.5,6272.5
244,1225,0.40405,0.35526315789470764,44256.436852931976,11.9,15567.0,0.75,8081.0
245,1230,0.3495,0.3526315789473391,44420.64417433739,14.6,17213.2,0.75,6990.0
246,1235,0.395975,0.34999999999997056,44564.37756252289,14.5,15787.2,1.0,7919.5
247,1240,0.325125,0.347368421052602,44718.59702372551,13.0,15286.0,0.5,6502.5
248,1245,0.2981,0.3447368421052335,44852.938204050064,11.1,14935.2,0.25,5962.0
249,1250,0.2588875,0.34210526315786494,44994.89330625534,10.3,14313.8,0.5,5177.75
250,1255,0.99995,0.3394736842104964,45157.816722631454,10.2,14316.0,14.0,19999.0
251,1260,0.4051875,0.33684210526312786,45326.03461742401,11.2,16330.4,0.75,8103.75
252,1265,0.99995,0.3342105263157593,45484.28153157234,10.1,17103.7,12.5,19999.0
253,1270,0.2989,0.3315789473683908,45635.06735992432,12.0,16255.9,0.5,5978.0
254,1275,0.3376625,0.32894736842102223,45768.841807603836,13.1,16002.9,0.5,6753.25
255,1280,0.3391,0.3263157894736537,45935.61631178856,13.0,16103.1,0.5,6782.0
256,1285,0.3228125,0.32368421052628515,46067.96664047241,13.5,15428.9,0.5,6456.25
257,1290,0.99995,0.3210526315789166,46218.973920583725,9.8,13261.0,18.75,19999.0
258,1295,0.419475,0.3184210526315481,46368.94084787369,10.6,14031.5,1.0,8389.5
259,1300,0.7668625,0.31578947368417953,46483.502524614334,9.6,12454.4,10.5,15337.25
260,1305,0.3568,0.313157894736811,46645.64732313156,9.1,13039.5,0.75,7136.0
261,1310,0.41755,0.31052631578944245,46802.65353798866,12.9,16012.3,0.75,8351.0
262,1315,0.3320625,0.3078947368420739,46952.86422109604,12.8,15587.2,0.5,6641.25
263,1320,0.303375,0.3052631578947054,47069.43277549744,9.5,13619.0,0.5,6067.5
264,1325,0.3611,0.30263157894733683,47239.73142886162,10.7,14681.3,0.75,7222.0
265,1330,0.3158,0.2999999999999683,47392.001984357834,13.5,16636.5,0.5,6316.0
266,1335,0.99995,0.29736842105259975,47563.20877742767,11.6,15431.8,13.5,19999.0
267,1340,0.3991625,0.2947368421052312,47701.26437854767,9.4,14446.0,0.75,7983.25
268,1345,0.3146875,0.29210526315786267,47850.4954264164,11.0,14571.0,0.5,6293.75
269,1350,0.2906375,0.28947368421049413,48004.37808704376,12.4,15689.7,0.25,5812.75
270,1355,0.99995,0.2868421052631256,48169.85746073723,11.2,15258.5,16.25,19999.0
271,1360,0.99995,0.28421052631575705,48308.59172105789,9.8,13068.1,17.25,19999.0
272,1365,0.2204875,0.2815789473683885,48473.12403130531,11.7,14525.8,0.0,4409.75
273,1370,0.3512625,0.27894736842101997,48613.21020627022,13.4,15806.8,0.75,7025.25
274,1375,0.99995,0.27631578947365143,48768.751449108124,10.9,13772.6,12.25,19999.0
275,1380,0.3607875,0.2736842105262829,48897.513926267624,10.4,13139.3,0.5,7215.75
276,1385,0.2847375,0.27105263157891435,49045.53358459473,10.8,14095.0,0.5,5694.75
277,1390,0.3596875,0.2684210526315458,49193.15156054497,11.0,15140.1,0.5,7193.75
278,1395,0.99995,0.26578947368417727,49393.54905962944,12.5,16627.6,14.0,19999.0
279,1400,0.3345,0.26315789473680873,49511.1153485775,10.6,14982.7,0.5,6690.0
280,1405,0.3093,0.2605263157894402,49627.727838754654,7.8,11722.1,0.5,6186.0
281,1410,0.286225,0.25789473684207165,49792.04733610153,11.9,14378.0,0.5,5724.5
282,1415,0.3116625,0.2552631578947031,49930.384625434875,13.0,15550.5,0.5,6233.25
283,1420,0.3135875,0.25263157894733457,50077.6059615612,11.7,14589.0,0.5,6271.75
284,1425,0.3808625,0.24999999999996605,50272.27877640724,16.1,17562.2,0.75,7617.25
285,1430,0.2475875,0.24736842105259765,50445.44987154007,14.7,19207.4,0.25,4951.75
286,1435,0.239,0.24473684210522925,50575.09418821335,10.1,15883.4,0.0,4780.0
287,1440,0.318525,0.24210526315786085,50720.38665866852,9.9,14106.8,0.5,6370.5
288,1445,0.2578875,0.23947368421049245,50878.35940170288,11.6,15624.0,0.25,5157.75
289,1450,0.345825,0.23684210526312405,51008.81104850769,11.1,14761.0,0.5,6916.5
290,1455,0.398775,0.23421052631575565,51128.63650870323,7.9,12407.5,0.75,7975.5
291,1460,0.99995,0.23157894736838724,51265.224692344666,7.1,11445.5,15.25,19999.0
292,1465,0.228325,0.22894736842101884,51394.98517179489,7.7,12335.9,0.25,4566.5
293,1470,0.3528375,0.22631578947365044,51551.38683128357,9.2,14456.6,0.75,7056.75
294,1475,0.99995,0.22368421052628204,51713.81502485275,10.4,14759.6,18.0,19999.0
295,1480,0.2811875,0.22105263157891364,51813.85838484764,8.2,11945.2,0.25,5623.75
296,1485,0.99995,0.21842105263154524,52003.81543946266,9.8,13462.8,15.5,19999.0
297,1490,0.9048875,0.21578947368417684,52167.62692427635,11.6,15825.9,12.5,18097.75
298,1495,0.9892125,0.21315789473680843,52290.212820768356,8.7,12097.7,15.0,19784.25
299,1500,0.2616625,0.21052631578944003,52440.75325226784,10.2,12606.9,0.25,5233.25
300,1505,0.32525,0.20789473684207163,52582.657603263855,10.4,14946.2,0.5,6505.0
301,1510,0.345525,0.20526315789470323,52745.310754299164,10.7,15574.7,0.75,6910.5
302,1515,0.3816375,0.20263157894733483,52846.69455456734,9.8,13310.9,0.75,7632.75
303,1520,0.3340125,0.19999999999996643,52988.79688382149,8.6,12037.5,0.5,6680.25
304,1525,0.3672125,0.19736842105259803,53119.188480854034,9.7,13622.5,0.75,7344.25
305,1530,0.313525,0.19473684210522962,53289.6565117836,11.7,15245.0,0.25,6270.5
306,1535,0.4278375,0.19210526315786122,53464.941497802734,14.7,17552.8,1.0,8556.75
307,1540,0.405925,0.18947368421049282,53590.809826135635,10.3,14979.2,1.0,8118.5
308,1545,0.9007875,0.18684210526312442,53733.74774765968,7.0,12349.2,10.5,18015.75
309,1550,0.3136375,0.18421052631575602,53871.595950603485,9.2,13120.3,0.5,6272.75
310,1555,0.99995,0.18157894736838762,54025.79808521271,10.3,13530.1,13.75,19999.0
311,1560,0.343225,0.17894736842101922,54199.7072224617,11.4,15461.1,0.5,6864.5
312,1565,0.355575,0.1763157894736508,54379.60216617584,14.1,18048.9,0.75,7111.5
313,1570,0.331525,0.1736842105262824,54510.62677645683,12.5,15720.8,0.75,6630.5
314,1575,0.2308375,0.171052631578914,54649.20525574684,11.4,13729.9,0.0,4616.75
315,1580,0.2820625,0.1684210526315456,54804.69658780098,12.7,15188.1,0.25,5641.25
316,1585,0.4490875,0.1657894736841772,54928.68363285065,10.2,13989.6,1.0,8981.75
317,1590,0.3344625,0.1631578947368088,55054.01380586624,8.6,12198.4,0.75,6689.25
318,1595,0.2720375,0.1605263157894404,55191.77855968475,10.5,13269.2,0.25,5440.75
319,1600,0.2756125,0.157894736842072,55380.51383519173,12.6,16820.0,0.25,5512.25
320,1605,0.257125,0.1552631578947036,55466.602712631226,8.9,14025.2,0.25,5142.5
321,1610,0.3766,0.1526315789473352,55618.419516563416,8.6,11856.2,0.75,7532.0
322,1615,0.396875,0.1499999999999668,55749.11337709427,11.7,14021.0,0.75,7937.5
323,1620,0.4412,0.1473684210525984,55901.74767422676,11.4,13851.4,4.25,8824.0
324,1625,0.3355125,0.14473684210523,56040.99908661842,10.7,14414.2,0.5,6710.25
325,1630,0.3071125,0.1421052631578616,56154.62306213379,8.5,12577.2,0.5,6142.25
326,1635,0.2973875,0.1394736842104932,56318.41922998428,9.8,13942.9,0.5,5947.75
327,1640,0.8779125,0.1368421052631248,56475.49547767639,10.8,14957.2,13.0,17558.25
328,1645,0.2285125,0.1342105263157564,56611.12361097336,9.6,13505.4,0.25,4570.25
329,1650,0.99995,0.131578947368388,56759.310532808304,10.9,13107.6,17.25,19999.0
330,1655,0.839575,0.1289473684210196,56943.62282204628,11.5,14704.0,9.5,16791.5
331,1660,0.3823875,0.12631578947365119,57098.84324479103,10.9,15973.3,0.75,7647.75
332,1665,0.3578625,0.12368421052628278,57232.78047680855,10.4,14741.4,0.75,7157.25
333,1670,0.3781875,0.12105263157891438,57381.321491241455,11.2,15053.3,1.0,7563.75
334,1675,0.227875,0.11842105263154598,57540.93790769577,12.2,16101.9,0.0,4557.5
335,1680,0.408375,0.11578947368417758,57715.88426065445,12.8,17126.4,1.0,8167.5
336,1685,0.4131375,0.11315789473680918,57824.75981712341,9.7,14009.9,0.75,8262.75
337,1690,0.2980375,0.11052631578944078,57966.33916378021,8.9,12924.2,0.25,5960.75
338,1695,0.20525,0.10789473684207238,58115.412650585175,12.3,15860.6,0.0,4105.0
339,1700,0.314475,0.10526315789470397,58262.13424825668,11.5,15510.7,0.5,6289.5
340,1705,0.838025,0.10263157894733557,58446.42792701721,11.5,15845.7,7.75,16760.5
341,1710,0.310675,0.09999999999996717,58597.04784679413,11.7,16236.9,0.5,6213.5
342,1715,0.99995,0.09736842105259877,58734.94887661934,9.1,13976.3,16.5,19999.0
343,1720,0.39375,0.09473684210523037,58872.0088262558,9.7,13519.5,0.75,7875.0
344,1725,0.99995,0.09210526315786197,59060.05687689781,13.8,16145.5,14.0,19999.0
345,1730,0.4236625,0.08947368421049356,59230.505991220474,15.4,17393.1,1.0,8473.25
346,1735,0.99995,0.08684210526312516,59416.066995859146,14.6,16822.0,18.5,19999.0
347,1740,0.309075,0.08421052631575676,59570.565064907074,13.1,16084.8,0.5,6181.5
348,1745,0.3135125,0.08157894736838836,59761.90960383415,13.6,17813.9,0.5,6270.25
349,1750,0.3096875,0.07894736842101996,59923.35481262207,14.4,18257.0,0.5,6193.75
350,1755,0.99995,0.07631578947365156,60097.806821107864,13.4,16169.6,14.0,19999.0
351,1760,0.99995,0.07368421052628316,60239.177455186844,10.4,14296.0,15.75,19999.0
352,1765,0.99995,0.07105263157891475,60451.660079717636,11.8,16288.2,16.25,19999.0
353,1770,0.1980125,0.06842105263154635,60555.76003932953,11.7,15207.6,0.0,3960.25
354,1775,0.4078125,0.06578947368417795,60672.912731170654,7.6,10627.2,0.75,8156.25
355,1780,0.4170125,0.06315789473680955,60834.44272351265,10.2,13879.4,0.75,8340.25
356,1785,0.99995,0.06052631578944112,61048.47128820419,15.6,18399.0,14.75,19999.0
357,1790,0.1949875,0.057894736842072685,61167.905710458755,13.9,15855.5,0.0,3899.75
358,1795,0.344175,0.05526315789470425,61286.60673904419,9.5,11750.5,0.5,6883.5
359,1800,0.99995,0.05263157894733581,61483.57974910736,11.8,14508.0,13.75,19999.0
360,1805,0.792875,0.05,61662.54309010506,12.4,16949.1,14.5,15857.5
361,1810,0.2852625,0.05,61805.1298263073,9.5,15334.3,0.5,5705.25
362,1815,0.856625,0.05,61965.867933273315,9.0,14137.7,17.5,17132.5
363,1820,0.99995,0.05,62151.81896901131,9.7,15003.6,14.25,19999.0
364,1825,0.99995,0.05,62294.07079291344,8.8,14465.6,15.75,19999.0
365,1830,0.3865625,0.05,62431.22189736366,8.2,13588.9,0.75,7731.25
366,1835,0.6438125,0.05,62591.04593038559,10.8,15243.7,6.75,12876.25
367,1840,0.99995,0.05,62713.07271027565,9.4,13118.1,15.75,19999.0
368,1845,0.3170125,0.05,62837.4828619957,6.5,11228.7,0.5,6340.25
369,1850,0.3608875,0.05,62990.131734371185,8.2,13854.2,0.75,7217.75
370,1855,0.4735,0.05,63127.77219581604,10.2,14214.1,3.75,9470.0
371,1860,0.2981375,0.05,63261.154624938965,10.3,13285.3,0.5,5962.75
372,1865,0.8546,0.05,63410.428616046906,8.7,13259.2,12.25,17092.0
373,1870,0.38535,0.05,63536.281262397766,8.4,12684.4,0.75,7707.0
374,1875,0.28105,0.05,63659.33361053467,8.3,12356.3,0.25,5621.0
375,1880,0.2695375,0.05,63752.32396245003,6.8,10764.5,0.25,5390.75
376,1885,0.26805,0.05,63888.56889176369,7.1,11519.3,0.25,5361.0
377,1890,0.4226125,0.05,64029.25066065788,8.4,13826.7,1.0,8452.25
378,1895,0.312025,0.05,64191.062962055206,10.2,15127.3,0.5,6240.5
379,1900,0.4162375,0.05,64356.90355849266,11.8,16482.7,1.0,8324.75
380,1905,0.3553875,0.05,64485.42212843895,9.5,14591.4,0.75,7107.75
381,1910,0.99995,0.05,64675.133754491806,10.1,14779.6,15.0,19999.0
382,1915,0.3770875,0.05,64826.68722820282,11.5,15986.3,0.75,7541.75
383,1920,0.8765625,0.05,64954.213968753815,8.4,12871.4,13.25,17531.25
384,1925,0.2785125,0.05,65120.91538262367,8.2,13886.7,0.5,5570.25
385,1930,0.3318625,0.05,65281.53798222542,9.7,16679.9,0.5,6637.25
386,1935,0.99995,0.05,65399.08464717865,7.9,12673.8,16.25,19999.0
387,1940,0.4143625,0.05,65562.57385754585,8.4,12631.3,1.0,8287.25
388,1945,0.3836375,0.05,65693.87499713898,10.0,14521.9,0.75,7672.75
389,1950,0.99995,0.05,65844.09488391876,10.0,13292.1,13.5,19999.0
390,1955,0.298425,0.05,66017.67804670334,13.1,16032.7,0.25,5968.5
391,1960,0.24935,0.05,66131.32079911232,11.0,15138.8,0.5,4987.0
392,1965,0.798725,0.05,66287.28422045708,9.7,13566.1,15.75,15974.5
393,1970,0.4683375,0.05,66425.49943876266,11.0,14302.8,3.5,9366.75
394,1975,0.99995,0.05,66577.26061987877,9.3,13051.9,16.25,19999.0
395,1980,0.2625,0.05,66735.95840668678,10.6,14479.1,0.25,5250.0
396,1985,0.3309625,0.05,66835.96819353104,7.8,12966.7,0.5,6619.25
397,1990,0.8117,0.05,66999.55974197388,6.5,12267.0,10.0,16234.0
398,1995,0.9362,0.05,67206.23128032684,10.9,17025.1,14.5,18724.0
399,2000,0.4129,0.05,67375.3610420227,13.3,18036.2,1.0,8258.0
