,episode,test_success_ratio,epsilon,time,train_score,train_mean_steps,test_score,test_mean_steps
0,5,0.3410625,0.9948979591836734,105.57750463485718,,,0.75,6821.25
1,10,0.199875,0.9897959183673468,250.28099942207336,11.9,17154.3,0.0,3997.5
2,15,0.447225,0.9846938775510202,381.7019989490509,13.3,18328.9,1.0,8944.5
3,20,0.29355,0.9795918367346936,498.21499967575073,11.3,16217.2,0.25,5871.0
4,25,0.377375,0.974489795918367,599.2270004749298,9.4,13926.6,0.75,7547.5
5,30,0.99995,0.9693877551020404,693.537499666214,6.9,10378.5,14.5,19999.0
6,35,0.2265125,0.9642857142857139,801.8595006465912,7.8,11184.9,0.5,4530.25
7,40,0.3286,0.9591836734693873,922.2385005950928,10.7,14680.4,0.5,6572.0
8,45,0.2466875,0.9540816326530607,1075.7254993915558,13.8,17835.7,0.25,4933.75
9,50,0.2784625,0.9489795918367341,1207.6440002918243,15.5,18361.6,0.25,5569.25
10,55,0.3107625,0.9438775510204075,1333.303499698639,14.2,16646.4,0.5,6215.25
11,60,0.3977875,0.9387755102040809,1473.1655006408691,13.9,17195.2,0.75,7955.75
12,65,0.271825,0.9336734693877543,1600.3585004806519,14.2,17374.3,0.25,5436.5
13,70,0.99995,0.9285714285714277,1752.5940008163452,14.6,16787.4,16.0,19999.0
14,75,0.2649875,0.9234693877551011,1897.3965003490448,16.4,17915.7,0.25,5299.75
15,80,0.3132125,0.9183673469387745,2033.9075002670288,15.6,18647.8,0.5,6264.25
16,85,0.302675,0.9132653061224479,2165.382000207901,13.3,17673.7,0.5,6053.5
17,90,0.3671875,0.9081632653061213,2309.448000431061,14.6,17675.1,0.5,7343.75
18,95,0.3147125,0.9030612244897948,2447.8815042972565,15.5,18445.2,0.5,6294.25
19,100,0.4088125,0.8979591836734682,2573.7570004463196,13.8,17575.4,0.75,8176.25
20,105,0.99995,0.8928571428571416,2747.6290006637573,14.0,18066.0,14.5,19999.0
21,110,0.3541,0.887755102040815,2883.210500717163,14.9,18896.8,0.5,7082.0
22,115,0.3886375,0.8826530612244884,3021.0759994983673,15.1,18186.5,0.75,7772.75
23,120,0.99995,0.8775510204081618,3192.185000181198,16.5,18765.1,12.0,19999.0
24,125,0.99995,0.8724489795918352,3369.2939999103546,17.2,19596.6,12.75,19999.0
25,130,0.3517125,0.8673469387755086,3492.798001050949,15.1,17844.4,0.5,7034.25
26,135,0.378275,0.862244897959182,3629.980000734329,12.4,16299.7,0.75,7565.5
27,140,0.99995,0.8571428571428554,3814.056001186371,12.1,16494.0,13.5,19999.0
28,145,0.99995,0.8520408163265288,3993.2220005989075,14.6,17673.3,15.25,19999.0
29,150,0.332975,0.8469387755102022,4143.896501302719,15.3,18368.9,0.5,6659.5
30,155,0.3343125,0.8418367346938757,4310.044000387192,14.1,18315.4,0.75,6686.25
31,160,0.99995,0.8367346938775491,4471.331000328064,13.2,17654.5,12.25,19999.0
32,165,0.32475,0.8316326530612225,4577.5284996032715,11.3,15022.4,0.5,6495.0
33,170,0.268925,0.8265306122448959,4715.88450050354,13.3,16313.6,0.0,5378.5
34,175,0.293325,0.8214285714285693,4837.476001262665,13.5,16943.6,0.25,5866.5
35,180,0.32645,0.8163265306122427,4973.256000518799,13.9,16362.1,0.5,6529.0
36,185,0.2145125,0.8112244897959161,5119.792000055313,16.8,18436.4,0.0,4290.25
37,190,0.3420625,0.8061224489795895,5253.168999671936,14.5,17938.1,0.5,6841.25
38,195,0.2802,0.8010204081632629,5392.618000745773,12.8,17141.6,0.25,5604.0
39,200,0.99995,0.7959183673469363,5562.234000921249,14.7,18091.6,16.25,19999.0
40,205,0.383125,0.7908163265306097,5692.450000524521,13.7,17111.7,0.75,7662.5
41,210,0.99995,0.7857142857142831,5870.278003454208,13.7,17423.1,12.75,19999.0
42,215,0.40265,0.7806122448979566,6030.7615003585815,14.2,18351.8,0.75,8053.0
43,220,0.99995,0.77551020408163,6207.407500267029,14.8,17634.6,14.25,19999.0
44,225,0.99995,0.7704081632653034,6376.891500234604,15.2,17973.5,14.5,19999.0
45,230,0.3022625,0.7653061224489768,6510.92200088501,12.3,17345.4,0.25,6045.25
46,235,0.3413375,0.7602040816326502,6659.445500135422,12.2,16928.4,0.5,6826.75
47,240,0.3455125,0.7551020408163236,6824.082500696182,14.7,18420.8,0.5,6910.25
48,245,0.2233875,0.749999999999997,6956.246999740601,14.8,17640.8,0.0,4467.75
49,250,0.2582375,0.7448979591836704,7101.5120005607605,14.8,16691.5,0.25,5164.75
50,255,0.3950625,0.7397959183673438,7197.868004560471,11.2,14167.2,0.75,7901.25
51,260,0.3165,0.7346938775510172,7333.234500646591,9.1,13873.7,0.5,6330.0
52,265,0.3953,0.7295918367346906,7472.639499902725,12.3,16801.6,0.75,7906.0
53,270,0.28025,0.724489795918364,7612.309000968933,12.9,16749.5,0.25,5605.0
54,275,0.2637125,0.7193877551020375,7707.448500394821,10.5,14072.5,0.25,5274.25
55,280,0.34075,0.7142857142857109,7870.558500289917,13.0,15674.1,0.5,6815.0
56,285,0.4027875,0.7091836734693843,8030.756999254227,17.3,19934.3,0.75,8055.75
57,290,0.99995,0.7040816326530577,8199.96099972725,15.5,19349.8,14.75,19999.0
58,295,0.325275,0.6989795918367311,8353.13100194931,13.9,19415.5,0.5,6505.5
59,300,0.385925,0.6938775510204045,8500.094501495361,14.4,18891.0,0.75,7718.5
60,305,0.3856375,0.6887755102040779,8624.11200428009,13.7,16341.0,0.75,7712.75
61,310,0.287675,0.6836734693877513,8773.004501342773,12.4,16630.2,0.25,5753.5
62,315,0.99995,0.6785714285714247,8940.631999731064,14.7,18299.5,16.0,19999.0
63,320,0.3828875,0.6734693877550981,9073.83849978447,15.7,17583.3,0.75,7657.75
64,325,0.3679875,0.6683673469387715,9182.054500579834,12.4,14959.4,0.75,7359.75
65,330,0.2657625,0.6632653061224449,9334.380499362946,13.9,16420.8,0.25,5315.25
66,335,0.4628,0.6581632653061184,9470.674000263214,16.8,18106.9,3.0,9256.0
67,340,0.2989875,0.6530612244897918,9602.225007295609,14.2,16786.8,0.5,5979.75
68,345,0.99995,0.6479591836734652,9741.968001365662,10.3,15169.8,15.25,19999.0
69,350,0.99995,0.6428571428571386,9910.37900018692,11.7,15916.5,15.0,19999.0
70,355,0.3132125,0.637755102040812,10056.526999950409,14.7,18295.7,0.5,6264.25
71,360,0.99995,0.6326530612244854,10209.906500577927,13.4,17671.8,16.75,19999.0
72,365,0.99995,0.6275510204081588,10354.440499544144,11.3,15888.0,14.25,19999.0
73,370,0.882525,0.6224489795918322,10476.044999361038,9.8,13516.0,15.0,17650.5
74,375,0.99995,0.6173469387755056,10645.914000749588,13.9,15932.0,12.25,19999.0
75,380,0.99995,0.612244897959179,10825.224999904633,18.4,19575.9,13.25,19999.0
76,385,0.27455,0.6071428571428524,10941.347500562668,15.5,17408.6,0.25,5491.0
77,390,0.394475,0.6020408163265258,11090.943501234055,13.2,16878.5,0.75,7889.5
78,395,0.99995,0.5969387755101992,11254.743499279022,15.6,18056.5,16.25,19999.0
79,400,0.3977375,0.5918367346938727,11392.375000238419,15.7,17101.4,0.75,7954.75
80,405,0.2513375,0.5867346938775461,11499.000500679016,12.8,15207.6,0.25,5026.75
81,410,0.319025,0.5816326530612195,11617.749499320984,11.8,14069.9,0.5,6380.5
82,415,0.2765375,0.5765306122448929,11687.070500612259,8.4,11544.5,0.25,5530.75
83,420,0.3560375,0.5714285714285663,11814.19799900055,7.6,11975.4,0.75,7120.75
84,425,0.99995,0.5663265306122397,11943.118499040604,11.1,14267.4,16.0,19999.0
85,430,0.90285,0.5612244897959131,12096.22049999237,12.0,14235.9,13.25,18057.0
86,435,0.3041875,0.5561224489795865,12242.01899933815,13.2,17151.5,0.5,6083.75
87,440,0.355925,0.5510204081632599,12356.79000043869,13.4,16271.3,0.75,7118.5
88,445,0.4157875,0.5459183673469333,12519.282500267029,17.5,16896.3,0.75,8315.75
89,450,0.99995,0.5408163265306067,12700.936999797821,20.5,19994.8,14.75,19999.0
90,455,0.2269375,0.5357142857142801,12846.728501558304,17.1,18896.3,0.0,4538.75
91,460,0.99995,0.5306122448979536,13019.806500434875,15.0,17588.8,12.75,19999.0
92,465,0.99995,0.525510204081627,13146.025500297546,12.2,14895.8,16.0,19999.0
93,470,0.2287625,0.5204081632653004,13304.335500240326,13.3,16208.5,0.0,4575.25
94,475,0.311425,0.5153061224489738,13434.982999324799,15.4,18242.4,0.5,6228.5
95,480,0.2426875,0.5102040816326472,13548.776500225067,12.4,15403.2,0.0,4853.75
96,485,0.4544625,0.5051020408163206,13682.153003692627,12.0,15143.4,1.0,9089.25
97,490,0.3403375,0.499999999999994,13785.996500968933,10.1,14305.3,0.75,6806.75
98,495,0.99995,0.4948979591836674,13933.141499757767,9.1,13811.4,15.5,19999.0
99,500,0.4042125,0.4897959183673408,14043.592500448227,8.8,13651.3,0.75,8084.25
100,505,0.2944375,0.48469387755101423,14145.356499671936,8.2,12178.3,0.25,5888.75
101,510,0.287925,0.47959183673468764,14292.740005970001,11.7,15042.4,0.25,5758.5
102,515,0.921975,0.47448979591836105,14449.587005615234,13.3,16963.9,16.25,18439.5
103,520,0.22455,0.46938775510203445,14572.498500585556,13.8,15669.6,0.0,4491.0
104,525,0.3160375,0.46428571428570786,14705.693499803543,14.8,16193.4,0.5,6320.75
105,530,0.38335,0.45918367346938127,14877.286499261856,18.2,18461.0,0.75,7667.0
106,535,0.6554375,0.4540816326530547,15051.918501615524,17.9,18377.9,6.0,13108.75
107,540,0.3538,0.4489795918367281,15200.505000829697,14.6,16445.4,0.75,7076.0
108,545,0.4721125,0.4438775510204015,15334.079000473022,13.6,16300.6,1.0,9442.25
109,550,0.7687125,0.4387755102040749,15419.667000293732,8.2,12444.0,10.5,15374.25
110,555,0.99995,0.4336734693877483,15558.043500423431,7.5,11614.1,13.5,19999.0
111,560,0.3289,0.4285714285714217,15682.73650097847,10.9,15321.5,0.5,6578.0
112,565,0.721525,0.42346938775509513,15782.884500265121,9.0,12758.7,7.75,14430.5
113,570,0.89055,0.41836734693876854,15951.94550037384,11.2,13377.1,16.75,17811.0
114,575,0.3468125,0.41326530612244194,16041.02449965477,10.5,12899.8,0.5,6936.25
115,580,0.41,0.40816326530611535,16193.150001764297,10.0,13894.4,0.75,8200.0
116,585,0.99995,0.40306122448978876,16351.173000574112,11.9,18352.7,14.0,19999.0
117,590,0.3477375,0.39795918367346217,16446.608500003815,8.6,14609.0,0.5,6954.75
118,595,0.33005,0.3928571428571356,16585.165999650955,10.9,14459.2,0.5,6601.0
119,600,0.99995,0.387755102040809,16726.287499427795,12.3,15270.4,14.5,19999.0
120,605,0.99995,0.3826530612244824,16825.99450111389,8.5,11397.9,19.0,19999.0
121,610,0.3285375,0.3775510204081558,16893.881012916565,5.2,9005.0,0.5,6570.75
122,615,0.99995,0.3724489795918292,16997.975999355316,5.7,9884.8,10.5,19999.0
123,620,0.35535,0.3673469387755026,17073.73550105095,5.9,10426.4,0.5,7107.0
124,625,0.3489125,0.362244897959176,17141.64550113678,4.2,9066.1,0.5,6978.25
125,630,0.99995,0.35714285714284943,17264.562001228333,8.0,11174.3,17.75,19999.0
126,635,0.2825625,0.35204081632652284,17376.781500339508,12.7,14606.1,0.25,5651.25
127,640,0.415175,0.34693877551019625,17501.68649983406,12.5,16061.6,1.0,8303.5
128,645,0.2557,0.34183673469386966,17619.222000598907,12.2,16262.0,0.25,5114.0
129,650,0.40285,0.33673469387754307,17749.25949883461,11.1,15328.6,0.75,8057.0
130,655,0.3369375,0.3316326530612165,17866.511999845505,10.5,15417.3,0.5,6738.75
131,660,0.3293875,0.3265306122448899,17962.46199965477,11.1,14817.3,0.5,6587.75
132,665,0.686025,0.3214285714285633,18056.70250105858,8.6,12291.5,6.75,13720.5
133,670,0.3694625,0.3163265306122367,18143.63400030136,7.5,11528.0,0.75,7389.25
134,675,0.99995,0.3112244897959101,18245.77799963951,7.6,11376.7,15.25,19999.0
135,680,0.32995,0.3061224489795835,18362.659001111984,10.9,13571.9,0.5,6599.0
136,685,0.5838625,0.3010204081632569,18482.64200115204,14.0,15705.2,8.25,11677.25
137,690,0.33925,0.29591836734693033,18550.297998189926,8.6,11776.3,0.5,6785.0
138,695,0.3291625,0.29081632653060374,18652.0564994812,6.8,10699.2,0.5,6583.25
139,700,0.2365625,0.28571428571427715,18758.73499941826,10.5,13713.9,0.0,4731.25
140,705,0.2799625,0.28061224489795056,18837.688000917435,9.9,12477.8,0.25,5599.25
141,710,0.2914875,0.27551020408162397,18918.743499040604,8.0,10334.6,0.25,5829.75
142,715,0.3546,0.2704081632652974,19031.221501111984,9.4,12693.7,0.5,7092.0
143,720,0.2637625,0.2653061224489708,19115.18099975586,8.6,12873.5,0.25,5275.25
144,725,0.286175,0.2602040816326442,19199.62600016594,6.5,10876.4,0.25,5723.5
145,730,0.99995,0.2551020408163176,19342.368500709534,9.0,13080.7,19.25,19999.0
146,735,0.2899875,0.249999999999991,19436.14999961853,9.7,13323.2,0.25,5799.75
147,740,0.8095,0.24489795918366442,19591.373499155045,10.7,14753.1,12.0,16190.0
148,745,0.99995,0.23979591836733782,19773.96049976349,13.2,18966.1,15.25,19999.0
149,750,0.99995,0.23469387755101123,19932.29650092125,13.2,17980.9,19.25,19999.0
150,755,0.335125,0.22959183673468464,20060.700499534607,12.2,15526.9,0.5,6702.5
151,760,0.99995,0.22448979591835805,20181.573499917984,8.6,13191.3,14.75,19999.0
152,765,0.3285875,0.21938775510203146,20272.16901087761,6.8,11737.4,0.5,6571.75
153,770,0.933,0.21428571428570486,20398.86650109291,9.4,13807.3,14.0,18660.0
154,775,0.3678375,0.20918367346937827,20520.608000278473,13.0,16280.8,0.75,7356.75
155,780,0.99995,0.20408163265305168,20644.23549938202,12.4,15872.1,17.25,19999.0
156,785,0.99995,0.1989795918367251,20751.216499567032,9.9,13305.6,12.5,19999.0
157,790,0.312525,0.1938775510203985,20855.05449962616,10.4,13249.5,0.5,6250.5
158,795,0.3983125,0.1887755102040719,20989.0185008049,12.5,16256.0,0.75,7966.25
159,800,0.3297,0.18367346938774531,21126.87550020218,13.8,17258.5,0.5,6594.0
160,805,0.99995,0.17857142857141872,21292.014001607895,10.9,15529.8,15.0,19999.0
161,810,0.4266375,0.17346938775509213,21471.75050020218,8.8,15060.0,1.0,8532.75
162,815,0.4131875,0.16836734693876554,21653.897500276566,14.1,17783.1,1.0,8263.75
163,820,0.416875,0.16326530612243895,21772.05700159073,14.4,16788.3,1.0,8337.5
164,825,0.37015,0.15816326530611236,21888.620502471924,10.2,13784.1,0.75,7403.0
165,830,0.3153,0.15306122448978576,22003.479500055313,11.4,13914.4,0.5,6306.0
166,835,0.376375,0.14795918367345917,22075.104499578476,8.7,11060.0,0.75,7527.5
167,840,0.3626875,0.14285714285713258,22225.580999851227,10.1,13329.3,0.5,7253.75
168,845,0.2955,0.137755102040806,22275.689501047134,8.6,12042.3,0.25,5910.0
169,850,0.35085,0.1326530612244794,22483.29902935028,8.7,11293.7,0.5,7017.0
170,855,0.305125,0.1275510204081528,22580.24399971962,11.3,14679.0,0.25,6102.5
171,860,0.3207625,0.12244897959182625,22679.935500383377,7.8,12944.6,0.25,6415.25
172,865,0.4243,0.11734693877549973,22778.16351556778,9.6,13012.4,0.75,8486.0
173,870,0.303325,0.11224489795917321,22883.478499889374,9.8,13451.2,0.5,6066.5
174,875,0.310925,0.10714285714284669,23008.140999794006,10.6,15724.6,0.5,6218.5
175,880,0.99995,0.10204081632652016,23124.099999904633,9.6,13897.0,14.75,19999.0
176,885,0.324775,0.09693877551019364,23208.349500894547,7.3,10820.4,0.5,6495.5
177,890,0.99995,0.09183673469386712,23316.989500045776,7.8,11140.8,16.25,19999.0
178,895,0.842175,0.0867346938775406,23417.38649892807,7.1,10857.4,15.25,16843.5
179,900,0.9527625,0.08163265306121407,23554.747999429703,8.8,12370.4,17.0,19055.25
180,905,0.261,0.07653061224488755,23618.42949986458,6.7,10866.8,0.25,5220.0
181,910,0.39635,0.07142857142856103,23716.871500253677,4.7,9628.8,0.75,7927.0
182,915,0.99995,0.06632653061223451,23856.568999528885,8.1,12340.7,13.75,19999.0
183,920,0.61385,0.061224489795907985,23955.562500476837,8.0,11824.3,7.25,12277.0
184,925,0.99995,0.05612244897958146,24070.013499736786,6.2,10067.5,12.5,19999.0
185,930,0.628325,0.05102040816325494,24161.907999277115,5.2,9184.2,9.5,12566.5
186,935,0.99995,0.05,24263.982500076294,3.8,8468.8,13.5,19999.0
187,940,0.29145,0.05,24381.206001758575,5.6,10662.9,0.5,5829.0
188,945,0.2805875,0.05,24475.683000802994,6.4,11951.2,0.25,5611.75
189,950,0.99995,0.05,24604.74799966812,6.5,11419.0,15.0,19999.0
190,955,0.3384875,0.05,24708.071500062943,8.7,12265.6,0.5,6769.75
191,960,0.27415,0.05,24832.247499465942,11.0,13650.7,0.25,5483.0
192,965,0.3023375,0.05,24909.571999788284,9.7,11990.4,0.5,6046.75
193,970,0.4312,0.05,25043.36499929428,8.1,11734.7,1.0,8624.0
194,975,0.32695,0.05,25141.6335003376,9.5,12940.9,0.5,6539.0
195,980,0.99995,0.05,25267.694000720978,8.4,11614.6,13.25,19999.0
196,985,0.3389375,0.05,25367.44300031662,8.4,11769.7,0.5,6778.75
197,990,0.99995,0.05,25493.84899997711,7.4,11527.9,12.0,19999.0
198,995,0.26795,0.05,25585.63850045204,5.7,11121.9,0.25,5359.0
199,1000,0.99995,0.05,25765.534500598907,10.1,13254.5,13.75,19999.0
