,episode,test_success_ratio,epsilon,time,train_score,train_mean_steps,test_score,test_mean_steps
0,5,0.3611875,0.49447513812154686,147.92066025733948,,,0.75,7223.75
1,10,0.251975,0.48895027624309373,290.04400300979614,15.6,16821.3,0.5,5039.5
2,15,0.423175,0.4834254143646406,430.0597434043884,12.5,14976.0,1.0,8463.5
3,20,0.4125375,0.47790055248618746,586.628279209137,11.6,15053.9,1.0,8250.75
4,25,0.2997,0.4723756906077343,718.1518573760986,11.4,15278.8,0.5,5994.0
5,30,0.339075,0.4668508287292812,849.3534123897552,10.8,14549.9,0.5,6781.5
6,35,0.264875,0.46132596685082805,1007.6354241371155,11.4,15601.5,1.75,5297.5
7,40,0.2060875,0.4558011049723749,1156.2936277389526,11.9,16571.2,1.25,4121.75
8,45,0.9008,0.4502762430939218,1304.3366219997406,12.1,15459.8,10.0,18016.0
9,50,0.2575375,0.44475138121546864,1464.2455806732178,12.0,15693.2,0.25,5150.75
10,55,0.343025,0.4392265193370155,1613.1254725456238,11.5,16149.9,0.5,6860.5
11,60,0.8396125,0.4337016574585624,1777.2499551773071,12.0,15308.1,9.0,16792.25
12,65,0.8800625,0.42817679558010924,1956.2381579875946,13.6,15985.7,10.75,17601.25
13,70,0.28885,0.4226519337016561,2107.08988404274,14.3,16276.5,0.25,5777.0
14,75,0.215425,0.41712707182320297,2221.1256523132324,10.9,13877.0,0.5,4308.5
15,80,0.20915,0.41160220994474983,2344.6339344978333,8.8,12428.0,0.0,4183.0
16,85,0.2665875,0.4060773480662967,2470.193016767502,9.4,12905.5,2.0,5331.75
17,90,0.2548125,0.40055248618784356,2637.531012058258,12.4,15271.2,3.0,5096.25
18,95,0.3623,0.3950276243093904,2808.4746696949005,14.8,17479.6,4.25,7246.0
19,100,0.417275,0.3895027624309373,2961.7857756614685,12.1,16482.7,0.5,8345.5
20,105,0.99995,0.38397790055248415,3106.712322473526,9.8,14444.1,13.25,19999.0
21,110,0.2074,0.378453038674031,3257.3317415714264,11.1,15109.8,0.0,4148.0
22,115,0.2733875,0.3729281767955779,3412.0705518722534,14.5,17164.0,0.25,5467.75
23,120,0.23125,0.36740331491712475,3537.2137751579285,13.6,15680.5,0.0,4625.0
24,125,0.99995,0.3618784530386716,3685.169468641281,11.2,13958.0,8.0,19999.0
25,130,0.99995,0.3563535911602185,3845.8186762332916,10.8,14612.8,14.0,19999.0
26,135,0.99995,0.35082872928176534,3990.6784930229187,10.6,14317.5,11.5,19999.0
27,140,0.330525,0.3453038674033122,4183.696714401245,14.0,16657.5,0.5,6610.5
28,145,0.99995,0.33977900552485907,4377.269308805466,15.7,18618.9,27.0,19999.0
29,150,0.370675,0.33425414364640593,4542.571891546249,15.9,18377.5,0.75,7413.5
30,155,0.3303375,0.3287292817679528,4697.928179979324,16.9,18897.9,0.5,6606.75
31,160,0.798775,0.32320441988949966,4876.8960790634155,16.0,18463.6,6.75,15975.5
32,165,0.259775,0.3176795580110465,5001.351822137833,12.8,16193.7,0.25,5195.5
33,170,0.289525,0.3121546961325934,5227.400347948074,12.6,15741.7,2.5,5790.5
34,175,0.8785125,0.30662983425414025,5370.356587171555,10.8,14412.6,9.25,17570.25
35,180,0.28195,0.3011049723756871,5577.443959951401,11.9,14959.4,0.25,5639.0
36,185,0.263475,0.295580110497234,5697.596461772919,11.6,14611.5,0.25,5269.5
37,190,0.2404,0.29005524861878085,5847.088411331177,8.6,13450.9,0.25,4808.0
38,195,0.245825,0.2845303867403277,5985.979995965958,12.1,15782.0,0.0,4916.5
39,200,0.3832,0.2790055248618746,6109.656352043152,8.7,13789.1,0.75,7664.0
40,205,0.3011125,0.27348066298342144,6248.892178535461,8.0,13349.1,0.5,6022.25
41,210,0.376525,0.2679558011049683,6375.871979236603,11.2,13396.8,1.0,7530.5
42,215,0.432875,0.26243093922651517,6521.037982463837,10.0,13491.0,1.0,8657.5
43,220,0.7360125,0.25690607734806203,6727.214240312576,14.3,17177.7,2.75,14720.25
44,225,0.2607875,0.2513812154696089,6833.129430055618,13.1,15331.9,0.25,5215.75
45,230,0.99995,0.24585635359115587,6974.036285638809,6.5,11239.3,16.25,19999.0
46,235,0.2231,0.24033149171270288,7079.529282331467,6.5,11202.8,0.25,4462.0
47,240,0.99995,0.23480662983424988,7246.27322268486,8.0,12637.1,19.75,19999.0
48,245,0.40375,0.22928176795579688,7414.2209639549255,11.5,15798.8,0.75,8075.0
49,250,0.3126875,0.2237569060773439,7530.245090723038,10.5,14739.8,0.5,6253.75
50,255,0.99995,0.2182320441988909,7637.238864660263,6.5,10758.4,19.5,19999.0
51,260,0.2555,0.2127071823204379,7731.383311033249,4.8,9170.3,0.25,5110.0
52,265,0.2166375,0.2071823204419849,7798.774774074554,3.7,7944.3,0.25,4332.75
53,270,0.99995,0.2016574585635319,7975.848313093185,7.4,11088.7,11.5,19999.0
54,275,0.3023,0.1961325966850789,8158.314472913742,13.4,16976.0,3.5,6046.0
55,280,0.2038125,0.1906077348066259,8253.252073764801,10.2,13814.1,0.25,4076.25
56,285,0.2441,0.1850828729281729,8334.286351203918,4.5,8900.4,0.25,4882.0
57,290,0.403825,0.1795580110497199,8484.863322257996,8.1,12223.8,2.75,8076.5
58,295,0.5331875,0.17403314917126692,8665.835812807083,13.3,16759.7,3.75,10663.75
59,300,0.1783875,0.16850828729281392,8826.801766872406,14.6,17115.4,0.0,3567.75
60,305,0.8125125,0.16298342541436092,8979.249683856964,13.1,15072.9,9.25,16250.25
61,310,0.3263375,0.15745856353590792,9144.324073314667,11.0,15026.5,2.5,6526.75
62,315,0.3518625,0.15193370165745493,9306.251049280167,10.9,16324.9,0.75,7037.25
63,320,0.845525,0.14640883977900193,9490.658781290054,12.8,16465.8,13.75,16910.5
64,325,0.2959875,0.14088397790054893,9688.68979382515,14.8,18450.7,1.75,5919.75
65,330,0.99995,0.13535911602209594,9831.37965965271,12.1,16461.7,27.5,19999.0
66,335,0.3400375,0.12983425414364294,10000.314727544785,12.0,15258.4,1.5,6800.75
67,340,0.3014375,0.12430939226518993,10197.594682693481,15.2,18796.7,0.5,6028.75
68,345,0.242175,0.11878453038673686,10346.644394636154,13.3,17568.8,0.25,4843.5
69,350,0.7628625,0.1132596685082838,10492.436190843582,9.3,13943.1,13.75,15257.25
70,355,0.99995,0.10773480662983073,10666.395345211029,9.2,13936.3,6.0,19999.0
71,360,0.6410125,0.10220994475137767,10832.486868619919,10.0,15332.1,3.25,12820.25
72,365,0.832875,0.0966850828729246,11054.226233959198,11.6,17327.4,8.25,16657.5
73,370,0.758775,0.09116022099447153,11293.130108356476,14.3,18755.3,1.75,15175.5
74,375,0.4099875,0.08563535911601847,11510.735992193222,14.7,18689.6,2.5,8199.75
75,380,0.99995,0.0801104972375654,11713.732667684555,13.5,19373.2,13.5,19999.0
76,385,0.3387625,0.07458563535911233,11847.838745355606,9.9,16578.0,3.75,6775.25
77,390,0.99995,0.06906077348065927,12042.834600448608,10.7,15396.4,13.25,19999.0
78,395,0.280225,0.0635359116022062,12141.06266450882,9.0,13473.6,0.25,5604.5
79,400,0.234275,0.05801104972375317,12336.709730148315,9.4,14773.6,0.25,4685.5
80,405,0.2570625,0.05248618784530014,12523.550497055054,13.4,19505.2,1.0,5141.25
81,410,0.99995,0.05,12653.73638868332,9.6,14744.1,9.0,19999.0
82,415,0.5080375,0.05,12799.093344688416,6.9,11894.5,5.5,10160.75
83,420,0.9548375,0.05,12987.935259580612,8.2,15213.6,6.0,19096.75
84,425,0.4165875,0.05,13153.888685703278,10.5,16631.8,2.25,8331.75
85,430,0.2156125,0.05,13301.131848573685,9.5,15513.6,0.0,4312.25
86,435,0.99995,0.05,13477.020323038101,10.3,15057.4,8.25,19999.0
87,440,0.8176125,0.05,13671.030539274216,12.5,16524.3,22.0,16352.25
88,445,0.6790875,0.05,13847.383464097977,9.5,17602.6,3.75,13581.75
89,450,0.274425,0.05,13997.886191129684,8.3,16733.5,0.25,5488.5
90,455,0.99995,0.05,14158.389397382736,8.6,14814.3,7.0,19999.0
91,460,0.99995,0.05,14309.21974158287,9.0,13011.7,20.0,19999.0
92,465,0.2735875,0.05,14431.930062055588,9.0,12304.6,2.25,5471.75
93,470,0.8991625,0.05,14635.081101417542,9.6,15087.9,8.0,17983.25
94,475,0.99995,0.05,14791.206236124039,10.0,16060.0,25.25,19999.0
95,480,0.99995,0.05,14961.00257730484,9.1,14057.8,26.75,19999.0
96,485,0.99995,0.05,15162.430875778198,11.0,15936.7,14.0,19999.0
97,490,0.5053875,0.05,15341.973333358765,12.2,18049.8,6.25,10107.75
98,495,0.99995,0.05,15543.81833434105,12.7,18476.6,47.0,19999.0
99,500,0.456825,0.05,15715.990201950073,12.9,17548.7,1.25,9136.5
100,505,0.5984125,0.05,15914.126269817352,10.7,16015.5,7.5,11968.25
101,510,0.902,0.05,16074.041647195816,8.3,14766.3,4.75,18040.0
102,515,0.2090125,0.05,16178.248211145401,6.7,12519.6,0.25,4180.25
103,520,0.99995,0.05,16367.208192110062,8.1,14313.8,8.5,19999.0
104,525,0.7815125,0.05,16557.090878725052,9.9,17604.0,7.5,15630.25
105,530,0.2409875,0.05,16650.827278614044,7.1,13434.5,0.75,4819.75
106,535,0.519425,0.05,16729.85236978531,3.4,7867.8,2.5,10388.5
107,540,0.2314875,0.05,16890.47575902939,7.3,11754.0,0.25,4629.75
108,545,0.263075,0.05,17018.57791852951,11.7,15357.0,0.25,5261.5
109,550,0.99995,0.05,17215.01038479805,11.9,15662.8,10.75,19999.0
110,555,0.197175,0.05,17387.88856768608,13.4,18029.5,0.0,3943.5
111,560,0.886175,0.05,17538.486833572388,10.1,16064.5,18.25,17723.5
112,565,0.2417875,0.05,17669.59796476364,6.1,13816.4,0.25,4835.75
113,570,0.99995,0.05,17872.65482354164,11.0,16561.0,20.5,19999.0
114,575,0.99995,0.05,18064.66793489456,15.0,18117.4,7.5,19999.0
115,580,0.229125,0.05,18259.89450287819,14.8,18569.0,0.0,4582.5
116,585,0.642375,0.05,18435.811635017395,13.4,18279.4,6.75,12847.5
117,590,0.99995,0.05,18607.370020389557,9.7,15681.6,25.25,19999.0
118,595,0.224125,0.05,18757.04634165764,9.3,14992.9,0.0,4482.5
119,600,0.4762125,0.05,18887.214460134506,8.0,13676.3,5.25,9524.25
120,605,0.3288125,0.05,19060.973150253296,8.7,14700.0,2.25,6576.25
121,610,0.9103125,0.05,19226.488758802414,11.0,16351.9,7.75,18206.25
122,615,0.3412625,0.05,19344.640674829483,9.5,14022.7,0.75,6825.25
123,620,0.2269375,0.05,19480.300290822983,9.2,13656.7,1.5,4538.75
124,625,0.99995,0.05,19609.384952545166,8.3,13011.4,19.0,19999.0
125,630,0.3312625,0.05,19767.44000697136,7.7,14023.3,1.0,6625.25
126,635,0.93075,0.05,19932.373507022858,9.3,15581.5,16.25,18615.0
127,640,0.8437,0.05,20118.591710805893,11.5,15570.6,20.25,16874.0
128,645,0.634875,0.05,20271.84658050537,12.6,15954.2,2.5,12697.5
129,650,0.2959375,0.05,20417.68538928032,11.5,15296.2,1.25,5918.75
130,655,0.709325,0.05,20585.569433927536,9.7,15342.0,4.75,14186.5
131,660,0.99995,0.05,20775.56419157982,11.0,16043.0,26.75,19999.0
132,665,0.22965,0.05,20953.731725215912,13.1,18101.4,0.25,4593.0
133,670,0.3027875,0.05,21069.76683807373,10.0,15676.1,0.75,6055.75
134,675,0.99995,0.05,21290.058046102524,11.6,15990.2,10.5,19999.0
135,680,0.99995,0.05,21482.20319199562,14.5,18523.7,17.75,19999.0
136,685,0.8773875,0.05,21697.26594042778,15.6,18523.7,11.5,17547.75
137,690,0.4162125,0.05,21830.779819965363,13.1,16374.4,2.5,8324.25
138,695,0.4132875,0.05,22031.296137809753,10.1,16374.4,5.75,8265.75
139,700,0.99995,0.05,22204.6251809597,9.9,17558.7,10.25,19999.0
140,705,0.99995,0.05,22395.64542222023,8.6,16021.4,14.5,19999.0
141,710,0.99995,0.05,22533.044855594635,9.6,14191.8,18.75,19999.0
142,715,0.4133875,0.05,22674.569753170013,9.3,12592.9,0.75,8267.75
143,720,0.99995,0.05,22839.598510742188,8.7,13931.1,16.0,19999.0
144,725,0.650325,0.05,22958.272530555725,7.5,12400.8,3.0,13006.5
145,730,0.9409875,0.05,23133.146173000336,10.1,12981.6,12.75,18819.75
146,735,0.95675,0.05,23317.8403339386,12.7,15602.5,12.5,19135.0
147,740,0.99995,0.05,23486.59290075302,10.7,15819.3,7.5,19999.0
148,745,0.325075,0.05,23673.777844667435,11.9,17474.5,0.5,6501.5
149,750,0.3973625,0.05,23781.361230134964,9.4,14618.5,3.0,7947.25
150,755,0.99995,0.05,23937.41061925888,6.2,11514.0,23.25,19999.0
151,760,0.2477125,0.05,24072.962032079697,7.3,13222.6,0.75,4954.25
152,765,0.9394,0.05,24265.25898528099,8.3,15647.7,5.25,18788.0
153,770,0.2767125,0.05,24348.331991672516,6.9,13100.7,0.5,5534.25
154,775,0.99995,0.05,24529.79170012474,7.7,12701.5,10.25,19999.0
155,780,0.99995,0.05,24665.405262708664,9.1,14148.8,14.25,19999.0
156,785,0.20875,0.05,24814.85834288597,8.3,13136.2,0.0,4175.0
157,790,0.6213875,0.05,24970.1843354702,9.3,14647.6,9.75,12427.75
158,795,0.4668625,0.05,25155.675056695938,10.0,16087.5,5.75,9337.25
159,800,0.5745625,0.05,25329.1531996727,12.1,17171.0,7.25,11491.25
160,805,0.3126625,0.05,25527.841752529144,15.2,18212.7,4.5,6253.25
161,810,0.99995,0.05,25699.216555595398,13.9,17337.1,11.5,19999.0
162,815,0.901,0.05,25912.739182949066,14.2,17137.4,4.75,18020.0
163,820,0.2778875,0.05,26059.16840863228,15.1,17041.0,1.75,5557.75
164,825,0.99995,0.05,26279.608968496323,13.9,17160.1,6.25,19999.0
165,830,0.313625,0.05,26445.84184527397,13.1,18207.2,2.0,6272.5
166,835,0.2918875,0.05,26577.734350919724,10.0,14776.4,0.5,5837.75
167,840,0.456725,0.05,26722.840136766434,7.8,13384.2,1.75,9134.5
168,845,0.2981,0.05,26846.78729248047,6.2,12944.3,0.5,5962.0
169,850,0.374125,0.05,27008.22846341133,6.9,14091.8,0.75,7482.5
170,855,0.3586375,0.05,27103.86257982254,6.3,12518.0,0.75,7172.75
171,860,0.19755,0.05,27265.096568107605,9.1,12643.3,0.0,3951.0
172,865,0.99995,0.05,27420.685343265533,8.8,14894.4,9.25,19999.0
173,870,0.99995,0.05,27605.45783019066,8.5,15402.6,11.25,19999.0
174,875,0.22685,0.05,27778.405727386475,12.3,17529.0,0.0,4537.0
175,880,0.8899125,0.05,27966.89227795601,11.2,17953.2,4.75,17798.25
176,885,0.775,0.05,28119.957416057587,8.9,16031.6,9.25,15500.0
177,890,0.99995,0.05,28269.05927991867,7.8,13081.3,17.5,19999.0
178,895,0.2313625,0.05,28374.69372487068,7.3,11309.9,1.0,4627.25
179,900,0.99995,0.05,28580.157505512238,11.5,14214.0,21.25,19999.0
180,905,0.256725,0.05,28757.566519260406,16.0,17972.0,0.25,5134.5
181,910,0.3641875,0.05,28855.939026594162,9.7,13439.6,4.5,7283.75
182,915,0.2176375,0.05,28940.949670791626,4.2,8609.5,0.25,4352.75
183,920,0.99995,0.05,29083.37127971649,5.2,9823.2,19.5,19999.0
184,925,0.2507375,0.05,29224.9354095459,6.7,12872.1,1.0,5014.75
185,930,0.234625,0.05,29324.498067855835,6.7,12346.5,0.0,4692.5
186,935,0.99995,0.05,29524.960067272186,10.1,14123.5,26.0,19999.0
187,940,0.2074,0.05,29667.01736474037,11.9,15999.2,0.0,4148.0
188,945,0.9985625,0.05,29812.855486869812,8.1,13002.6,23.0,19971.25
189,950,0.7965625,0.05,29976.743528842926,8.5,13192.4,9.0,15931.25
190,955,0.99995,0.05,30138.355214595795,9.7,14084.7,7.0,19999.0
191,960,0.239325,0.05,30234.888325452805,7.4,11471.3,0.0,4786.5
192,965,0.99995,0.05,30396.368846178055,7.0,11477.0,7.5,19999.0
193,970,0.4213875,0.05,30530.12920475006,8.3,13111.6,1.75,8427.75
194,975,0.99995,0.05,30679.76795053482,7.5,12417.4,17.5,19999.0
195,980,0.208275,0.05,30843.827002048492,8.7,14409.4,0.0,4165.5
196,985,0.2565125,0.05,31012.844759225845,11.1,16792.2,0.5,5130.25
197,990,0.5369,0.05,31134.407230854034,8.7,13975.4,6.0,10738.0
198,995,0.571,0.05,31311.52086544037,9.3,13814.1,4.5,11420.0
199,1000,0.99995,0.05,31476.841823101044,12.1,15343.3,11.5,19999.0
