,episode,test_success_ratio,epsilon,time,train_score,train_mean_steps,test_score,test_mean_steps
0,5,0.2160625,0.9888888888888888,79.1638400554657,,,0.5,4321.25
1,10,0.432625,0.9777777777777776,182.7606110572815,15.4,18746.0,1.0,8652.5
2,15,0.260275,0.9666666666666665,280.8200614452362,17.3,19820.0,2.0,5205.5
3,20,0.2660625,0.9555555555555553,380.2440629005432,18.1,19820.0,0.25,5321.25
4,25,0.99995,0.9444444444444441,484.40915727615356,15.0,18307.8,10.75,19999.0
5,30,0.266075,0.9333333333333329,578.087014913559,13.7,17659.4,2.0,5321.5
6,35,0.7213,0.9222222222222217,665.9517247676849,14.4,16809.2,4.25,14426.0
7,40,0.238975,0.9111111111111105,745.9237422943115,12.2,15429.0,0.0,4779.5
8,45,0.2905625,0.8999999999999994,825.427029132843,11.0,15834.2,0.25,5811.25
9,50,0.287875,0.8888888888888882,899.7742681503296,11.1,15166.7,0.25,5757.5
10,55,0.3208,0.877777777777777,993.2395329475403,12.9,16537.2,0.5,6416.0
11,60,0.3182375,0.8666666666666658,1072.820615530014,11.5,17113.7,0.5,6364.75
12,65,0.362525,0.8555555555555546,1159.7627804279327,10.7,16280.0,0.75,7250.5
13,70,0.261,0.8444444444444434,1243.9048919677734,12.5,16765.5,0.25,5220.0
14,75,0.36445,0.8333333333333323,1328.9551029205322,12.0,16520.2,0.75,7289.0
15,80,0.99995,0.8222222222222211,1419.9779481887817,10.5,15076.6,11.25,19999.0
16,85,0.99995,0.8111111111111099,1522.4820613861084,9.9,15158.5,13.5,19999.0
17,90,0.99995,0.7999999999999987,1603.836226940155,8.6,14104.2,15.25,19999.0
18,95,0.4337375,0.7888888888888875,1707.6345427036285,10.1,15868.0,1.0,8674.75
19,100,0.3484125,0.7777777777777763,1774.6771593093872,11.6,16272.2,0.75,6968.25
20,105,0.99995,0.7666666666666652,1878.1071741580963,11.1,14419.1,14.5,19999.0
21,110,0.2904125,0.755555555555554,1957.3264436721802,10.9,15849.6,0.25,5808.25
22,115,0.3513,0.7444444444444428,2053.509378194809,10.4,17193.7,0.5,7026.0
23,120,0.29515,0.7333333333333316,2108.9610278606415,9.3,14607.8,0.25,5903.0
24,125,0.309925,0.7222222222222204,2176.336587190628,8.9,11453.1,0.5,6198.5
25,130,0.84965,0.7111111111111093,2293.3402395248413,14.2,16336.3,15.0,16993.0
26,135,0.9975875,0.6999999999999981,2414.431524038315,17.5,20000.0,16.0,19951.75
27,140,0.3771375,0.6888888888888869,2493.0925686359406,14.6,17359.6,0.75,7542.75
28,145,0.3141375,0.6777777777777757,2594.7919051647186,16.3,17359.6,0.5,6282.75
29,150,0.3471,0.6666666666666645,2682.6781480312347,17.0,18421.9,0.5,6942.0
30,155,0.30355,0.6555555555555533,2764.5017704963684,12.4,16303.6,0.5,6071.0
31,160,0.99995,0.6444444444444422,2846.889758348465,10.4,13721.0,13.75,19999.0
32,165,0.99995,0.633333333333331,2960.6577565670013,11.7,14996.6,13.25,19999.0
33,170,0.40855,0.6222222222222198,3012.1746718883514,10.0,13483.2,0.75,8171.0
34,175,0.3083625,0.6111111111111086,3069.758676290512,6.0,9549.4,0.5,6167.25
35,180,0.99995,0.5999999999999974,3166.5904035568237,7.1,12719.5,13.5,19999.0
36,185,0.2870625,0.5888888888888862,3256.259553670883,12.0,16147.5,0.5,5741.25
37,190,0.99995,0.5777777777777751,3340.3097338676453,12.1,14596.1,18.5,19999.0
38,195,0.266575,0.5666666666666639,3426.8554587364197,10.4,14302.9,0.25,5331.5
39,200,0.313575,0.5555555555555527,3499.2700538635254,12.6,15039.1,0.75,6271.5
40,205,0.3078625,0.5444444444444415,3599.5673336982727,14.0,16323.9,0.25,6157.25
41,210,0.99995,0.5333333333333303,3708.4531633853912,15.6,18200.9,16.5,19999.0
42,215,0.99995,0.5222222222222191,3822.364577770233,16.4,17668.5,13.5,19999.0
43,220,0.3341625,0.511111111111108,3917.7123725414276,17.3,18246.6,0.5,6683.25
44,225,0.99995,0.4999999999999968,4039.3201761245728,17.2,19135.9,13.0,19999.0
45,230,0.99995,0.4888888888888856,4138.919776678085,13.3,17494.6,16.0,19999.0
46,235,0.8432125,0.4777777777777744,4239.193747282028,12.8,15523.5,10.75,16864.25
47,240,0.2852625,0.46666666666666323,4326.021889925003,15.5,16272.8,0.5,5705.25
48,245,0.3017875,0.45555555555555205,4425.856159925461,16.9,17827.9,0.5,6035.75
49,250,0.3336875,0.44444444444444087,4505.7398908138275,14.8,17006.6,0.5,6673.75
50,255,0.4565125,0.4333333333333297,4593.177803993225,11.4,15286.3,1.0,9130.25
51,260,0.3546375,0.4222222222222185,4665.540665149689,11.1,14422.7,0.75,7092.75
52,265,0.3137375,0.4111111111111073,4746.831174135208,11.0,14158.7,0.5,6274.75
53,270,0.34855,0.39999999999999614,4843.097896099091,14.0,16639.4,0.5,6971.0
54,275,0.3352,0.38888888888888495,4923.958459854126,13.7,16469.7,0.5,6704.0
55,280,0.2840125,0.37777777777777377,4989.9928476810455,10.0,13486.9,0.25,5680.25
56,285,0.3906125,0.3666666666666626,5059.082949638367,9.5,12130.7,0.75,7812.25
57,290,0.3281625,0.3555555555555514,5138.0708837509155,10.4,13362.7,0.5,6563.25
58,295,0.791875,0.3444444444444402,5243.618846654892,11.7,16069.1,8.5,15837.5
59,300,0.38195,0.33333333333332904,5333.704870462418,11.6,17192.2,0.75,7639.0
60,305,0.3247375,0.32222222222221786,5434.396059513092,13.5,17922.8,0.5,6494.75
61,310,0.99995,0.3111111111111067,5545.63290810585,15.5,18157.1,17.5,19999.0
62,315,0.3431125,0.2999999999999955,5638.704287290573,12.2,17459.8,0.75,6862.25
63,320,0.99995,0.2888888888888843,5718.293103456497,9.2,14162.2,17.0,19999.0
64,325,0.943,0.2777777777777731,5820.598820924759,9.4,13189.0,14.0,18860.0
65,330,0.3702875,0.26666666666666194,5912.356666088104,11.3,16209.7,0.75,7405.75
66,335,0.368975,0.25555555555555076,6000.657051324844,12.8,16426.7,0.75,7379.5
67,340,0.99995,0.24444444444443966,6110.893107414246,12.8,16564.9,16.5,19999.0
68,345,0.82725,0.23333333333332862,6210.6477036476135,11.0,16370.4,16.25,16545.0
69,350,0.311125,0.22222222222221757,6303.892348766327,12.4,16552.2,0.5,6222.5
70,355,0.28845,0.21111111111110653,6377.938850402832,12.6,15452.4,0.5,5769.0
71,360,0.2923375,0.1999999999999955,6455.626744747162,10.0,13905.5,0.25,5846.75
72,365,0.34005,0.18888888888888444,6561.929217815399,13.1,17116.3,0.5,6801.0
73,370,0.3892875,0.1777777777777734,6637.217177629471,13.7,16610.3,0.75,7785.75
74,375,0.82645,0.16666666666666236,6693.537832975388,6.9,10052.3,11.25,16529.0
75,380,0.99995,0.1555555555555513,6758.554025888443,3.2,7233.2,15.5,19999.0
76,385,0.99995,0.14444444444444027,6839.049903392792,5.5,9191.6,14.0,19999.0
77,390,0.7533,0.13333333333332922,6936.793012857437,9.3,13200.5,7.25,15066.0
78,395,0.3209875,0.12222222222221815,7004.633402585983,9.6,13811.6,0.5,6419.75
79,400,0.99995,0.11111111111110704,7127.211594820023,10.3,15685.2,14.75,19999.0
80,405,0.3603875,0.09999999999999593,7206.567543506622,11.4,16737.3,0.75,7207.75
81,410,0.3652375,0.08888888888888481,7305.702234745026,12.3,16064.6,0.5,7304.75
82,415,0.31505,0.0777777777777737,7384.548060894012,12.2,16127.4,0.5,6301.0
83,420,0.26785,0.06666666666666259,7462.940488100052,11.4,14287.2,0.25,5357.0
84,425,0.39345,0.05555555555555147,7553.273047208786,12.8,15244.4,0.75,7869.0
85,430,0.2436875,0.05,7642.834305524826,12.5,16427.0,0.0,4873.75
86,435,0.3826125,0.05,7724.874985218048,12.9,15614.3,0.75,7652.25
87,440,0.322525,0.05,7796.920754432678,11.9,13647.9,0.5,6450.5
88,445,0.99995,0.05,7915.253620386124,13.4,15526.9,15.25,19999.0
89,450,0.99995,0.05,7999.911048412323,12.2,14955.6,16.5,19999.0
90,455,0.3997375,0.05,8094.358445644379,10.4,14282.8,1.0,7994.75
91,460,0.9535125,0.05,8198.591941356659,11.4,16457.1,16.0,19070.25
92,465,0.3459125,0.05,8281.211316108704,10.8,15417.9,0.75,6918.25
93,470,0.931825,0.05,8352.743347883224,9.1,12040.7,15.0,18636.5
94,475,0.92215,0.05,8471.6968460083,11.4,14009.1,12.5,18443.0
95,480,0.33375,0.05,8560.09512090683,14.4,17375.4,0.75,6675.0
96,485,0.2803875,0.05,8623.030342817307,10.3,13599.6,0.25,5607.75
97,490,0.2745,0.05,8706.767035007477,10.5,13317.5,0.25,5490.0
98,495,0.3643625,0.05,8778.968039512634,10.8,14036.4,0.75,7287.25
99,500,0.99995,0.05,8871.664796352386,9.0,12920.1,17.25,19999.0
