,episode,test_success_ratio,epsilon,time,train_score,train_mean_steps,test_score,test_mean_steps
0,10,0.99996,0.9897959183673468,1312.917142868042,18.7,22747.5,9.666666666666666,24999.0
1,20,0.26552,0.9795918367346936,2219.283284187317,14.2,19195.7,0.3333333333333333,6638.0
2,30,0.99996,0.9693877551020404,3148.4515364170074,20.8,22589.1,23.333333333333332,24999.0
3,40,0.16036,0.9591836734693873,3913.714134454727,19.5,22434.7,0.3333333333333333,4009.0
4,50,0.19216,0.9489795918367341,4607.636777639389,15.4,16871.3,0.3333333333333333,4804.0
5,60,0.19228,0.9387755102040809,5036.415163516998,15.0,19391.4,0.3333333333333333,4807.0
6,70,0.2812,0.9285714285714277,5402.138165235519,26.8,25000.0,4.0,7030.0
7,80,0.17629333333333333,0.9183673469387745,5697.557024717331,17.3,19694.4,0.6666666666666666,4407.333333333333
8,90,0.3566,0.9081632653061213,5975.785949707031,12.2,18515.2,1.0,8915.0
9,100,0.18776,0.8979591836734682,6269.028742551804,17.4,20094.1,0.0,4694.0
10,110,0.7127733333333333,0.887755102040815,6601.506111383438,14.3,20677.4,17.333333333333332,17819.333333333332
11,120,0.19226666666666667,0.8775510204081618,6937.305478096008,21.5,22979.0,0.0,4806.666666666667
12,130,0.99996,0.8673469387755086,7260.83540391922,15.9,19348.7,16.666666666666668,24999.0
13,140,0.99996,0.8571428571428554,7599.435675144196,17.0,20430.8,14.333333333333334,24999.0
14,150,0.19468,0.8469387755102022,7873.050425767899,15.8,18786.0,1.0,4867.0
15,160,0.20113333333333333,0.8367346938775491,8210.530483007431,20.0,23108.9,1.6666666666666667,5028.333333333333
16,170,0.1964533333333333,0.8265306122448959,8517.574220180511,15.8,19636.2,0.3333333333333333,4911.333333333333
17,180,0.2241466666666667,0.8163265306122427,8821.465049505234,14.5,20297.2,0.3333333333333333,5603.666666666667
18,190,0.2597733333333333,0.8061224489795895,9022.819182634354,9.7,13297.1,0.3333333333333333,6494.333333333333
19,200,0.67296,0.7959183673469363,9368.766947746277,15.4,19219.6,5.0,16824.0
20,210,0.99996,0.7857142857142831,9636.12972164154,11.7,15353.0,10.0,24999.0
21,220,0.99996,0.77551020408163,9930.667787075043,13.7,17328.6,8.333333333333334,24999.0
22,230,0.99996,0.7653061224489768,10275.80049085617,18.5,20864.9,12.0,24999.0
23,240,0.42053333333333337,0.7551020408163236,10523.023753166199,13.3,15919.5,2.0,10513.333333333334
24,250,0.17912,0.7448979591836704,10805.734889030457,14.3,19189.3,1.0,4478.0
25,260,0.2911333333333333,0.7346938775510172,11068.486197471619,12.2,17432.9,0.6666666666666666,7278.333333333333
26,270,0.2910933333333333,0.724489795918364,11316.445658922195,13.1,16338.7,0.6666666666666666,7277.333333333333
27,280,0.99996,0.7142857142857109,11605.510525941849,13.7,16779.1,13.0,24999.0
28,290,0.31649333333333335,0.7040816326530577,11959.178846359253,21.0,23051.4,1.0,7912.333333333333
29,300,0.99996,0.6938775510204045,12349.782041311264,17.7,22847.8,26.666666666666668,24999.0
30,310,0.2524666666666667,0.6836734693877513,12686.065680980682,18.9,22474.6,0.6666666666666666,6311.666666666667
31,320,0.5538533333333333,0.6734693877550981,12982.259397506714,12.5,17495.7,5.0,13846.333333333334
32,330,0.2466266666666667,0.6632653061224449,13217.951197385788,9.6,15075.9,0.6666666666666666,6165.666666666667
33,340,0.34068,0.6530612244897918,13516.825726509094,13.8,19326.0,1.0,8517.0
34,350,0.34209333333333336,0.6428571428571386,13795.914805173874,14.4,18312.6,1.0,8552.333333333334
35,360,0.99996,0.6326530612244854,14070.032510519028,10.2,15600.5,21.666666666666668,24999.0
36,370,0.2309733333333333,0.6224489795918322,14384.127098321915,19.3,20507.2,0.3333333333333333,5774.333333333333
37,380,0.16610666666666668,0.612244897959179,14699.878425121307,15.7,21291.1,0.0,4152.666666666667
38,390,0.15964,0.6020408163265258,15016.169584274292,17.3,21343.6,0.0,3991.0
39,400,0.34836,0.5918367346938727,15353.21168589592,19.9,21652.2,1.0,8709.0
40,410,0.99996,0.5816326530612195,15727.301974058151,19.3,21295.2,8.0,24999.0
41,420,0.2971066666666667,0.5714285714285663,16059.033141613007,16.1,20868.2,0.6666666666666666,7427.666666666667
42,430,0.99996,0.5612244897959131,16381.903462171555,15.0,18952.9,9.0,24999.0
43,440,0.99996,0.5510204081632599,16764.663274526596,14.9,23176.9,14.666666666666666,24999.0
44,450,0.33773333333333333,0.5408163265306067,17052.561377763748,16.9,18170.7,1.0,8443.333333333334
45,460,0.99996,0.5306122448979536,17415.323702812195,17.6,21626.7,13.666666666666666,24999.0
46,470,0.40756,0.5204081632653004,17705.549741506577,14.0,18503.8,5.333333333333333,10189.0
47,480,0.99996,0.5102040816326472,18018.896527051926,13.9,18181.6,7.666666666666667,24999.0
48,490,0.1911466666666667,0.499999999999994,18340.13073658943,16.3,20378.1,0.0,4778.666666666667
49,500,0.2731733333333333,0.4897959183673408,18610.30303621292,12.9,17664.9,0.6666666666666666,6829.333333333333
50,510,0.70888,0.47959183673468764,18953.676704645157,15.2,20005.2,7.0,17722.0
51,520,0.2657333333333333,0.46938775510203445,19258.208552837372,14.4,18484.3,0.6666666666666666,6643.333333333333
52,530,0.2522666666666667,0.45918367346938127,19511.961226940155,12.1,15954.1,0.3333333333333333,6306.666666666667
53,540,0.6635066666666667,0.4489795918367281,19817.58077263832,12.8,17636.5,7.333333333333333,16587.666666666668
54,550,0.595,0.4387755102040749,20161.066021680832,17.3,20327.8,10.666666666666666,14875.0
55,560,0.28988,0.4285714285714217,20459.66699028015,13.2,18689.9,0.6666666666666666,7247.0
56,570,0.16466666666666668,0.41836734693876854,20766.920519590378,13.9,20449.5,0.0,4116.666666666667
57,580,0.24130666666666667,0.40816326530611535,21050.496440649033,13.5,18105.6,0.3333333333333333,6032.666666666667
58,590,0.29098666666666667,0.39795918367346217,21333.602893829346,13.1,18233.6,0.6666666666666666,7274.666666666667
59,600,0.24653333333333333,0.387755102040809,21609.218267679214,13.8,17804.9,0.3333333333333333,6163.333333333333
60,610,0.2628933333333333,0.3775510204081558,21855.19102048874,11.2,15438.1,0.6666666666666666,6572.333333333333
61,620,0.99996,0.3673469387755026,22162.563044786453,12.8,17411.2,15.666666666666666,24999.0
62,630,0.6752666666666667,0.35714285714284943,22417.813451051712,11.0,14982.5,6.666666666666667,16881.666666666668
63,640,0.23672,0.34693877551019625,22730.95150589943,14.6,20366.0,0.3333333333333333,5918.0
64,650,0.30728,0.33673469387754307,23058.714116573334,15.8,20653.3,0.6666666666666666,7682.0
65,660,0.7140666666666667,0.3265306122448899,23372.76635336876,13.1,17663.2,17.333333333333332,17851.666666666668
66,670,0.21890666666666667,0.3163265306122367,23735.723007440567,18.0,21656.8,0.3333333333333333,5472.666666666667
67,680,0.35501333333333335,0.3061224489795835,24026.32905435562,12.9,17451.1,1.0,8875.333333333334
68,690,0.99996,0.29591836734693033,24319.69327354431,12.6,16235.8,16.0,24999.0
69,700,0.6916533333333332,0.28571428571427715,24629.596334457397,12.3,17697.9,12.333333333333334,17291.333333333332
70,710,0.7756666666666667,0.27551020408162397,24852.44864177704,6.9,12185.2,9.333333333333334,19391.666666666668
71,720,0.99996,0.2653061224489708,25207.23206114769,15.0,20194.5,20.333333333333332,24999.0
72,730,0.99996,0.2551020408163176,25488.080360889435,12.9,15283.1,18.666666666666668,24999.0
73,740,0.17177333333333333,0.24489795918366442,25760.097285032272,13.8,17546.6,1.0,4294.333333333333
74,750,0.36410666666666663,0.23469387755101123,26000.51229953766,11.0,14801.5,5.666666666666667,9102.666666666666
75,760,0.5257066666666667,0.22448979591835805,26259.642989635468,11.6,15514.2,9.333333333333334,13142.666666666666
76,770,0.99996,0.21428571428570486,26620.792184829712,16.1,20140.4,23.0,24999.0
77,780,0.94728,0.20408163265305168,26891.11171722412,10.2,14539.7,17.666666666666668,23682.0
78,790,0.2661733333333333,0.1938775510203985,27187.235115766525,11.1,16665.8,0.6666666666666666,6654.333333333333
79,800,0.17585333333333333,0.18367346938774531,27531.653578042984,16.0,21321.7,0.0,4396.333333333333
80,810,0.19390666666666667,0.17346938775509213,27802.453857183456,12.9,17297.9,0.0,4847.666666666667
81,820,0.30118666666666666,0.16326530612243895,28054.140846014023,10.1,15348.2,0.6666666666666666,7529.666666666667
82,830,0.2516933333333333,0.15306122448978576,28352.75327348709,12.6,17999.1,0.3333333333333333,6292.333333333333
83,840,0.16196,0.14285714285713258,28660.764867067337,14.2,19848.0,0.0,4049.0
84,850,0.25406666666666666,0.1326530612244794,28951.2638130188,12.2,18568.0,0.3333333333333333,6351.666666666667
85,860,0.719,0.12244897959182625,29235.490675210953,12.0,16090.2,11.333333333333334,17975.0
86,870,0.19602666666666668,0.11224489795917321,29473.57313799858,9.0,15084.0,0.6666666666666666,4900.666666666667
87,880,0.1852666666666667,0.10204081632652016,29667.114767074585,7.0,12187.2,0.0,4631.666666666667
88,890,0.39225333333333334,0.09183673469386712,29963.67611694336,12.4,17739.9,1.0,9806.333333333334
89,900,0.22041333333333332,0.08163265306121407,30189.40732073784,10.0,14174.1,0.3333333333333333,5510.333333333333
90,910,0.34737333333333337,0.07142857142856103,30420.789400815964,9.0,14128.0,1.0,8684.333333333334
91,920,0.1794,0.061224489795907985,30727.365631341934,15.3,18068.4,0.0,4485.0
92,930,0.17024,0.05102040816325494,30984.803017616272,7.3,15206.1,0.0,4256.0
93,940,0.99996,0.05,31356.94691681862,16.5,20068.8,18.333333333333332,24999.0
94,950,0.16102666666666665,0.05,31678.574360609055,15.5,20046.1,0.0,4025.6666666666665
95,960,0.48773333333333335,0.05,31983.81556916237,12.0,18270.4,1.6666666666666667,12193.333333333334
96,970,0.2762133333333333,0.05,32276.944520950317,11.9,18434.4,0.6666666666666666,6905.333333333333
97,980,0.18884,0.05,32513.909113645554,8.5,13952.8,0.0,4721.0
98,990,0.99996,0.05,32858.54210114479,13.2,19425.9,17.333333333333332,24999.0
99,1000,0.13949333333333333,0.05,33176.74082779884,16.0,19709.6,0.0,3487.3333333333335
