,episode,test_success_ratio,epsilon,time,train_score,train_mean_steps,test_score,test_mean_steps
0,10,0.27986666666666665,0.9966442953020129,1211.5432205200195,19.9,23007.8,0.6666666666666666,6996.666666666667
1,20,0.3066933333333333,0.9932885906040259,2006.272177696228,13.0,19104.8,0.6666666666666666,7667.333333333333
2,30,0.21692,0.9899328859060388,2735.1370556354523,16.8,19885.7,0.3333333333333333,5423.0
3,40,0.35857333333333336,0.9865771812080517,3513.2770404815674,17.5,21727.2,1.0,8964.333333333334
4,50,0.99996,0.9832214765100646,4585.616939067841,18.7,22259.8,17.333333333333332,24999.0
5,60,0.2672933333333333,0.9798657718120776,4991.870636463165,15.3,19654.5,0.3333333333333333,6682.333333333333
6,70,0.99996,0.9765100671140905,5354.452488660812,18.7,22214.4,19.333333333333332,24999.0
7,80,0.99996,0.9731543624161034,5690.5987141132355,15.5,19912.1,18.333333333333332,24999.0
8,90,0.99996,0.9697986577181164,6052.247406244278,19.2,22381.3,19.333333333333332,24999.0
9,100,0.2353333333333333,0.9664429530201293,6300.896094560623,12.2,16994.9,0.3333333333333333,5883.333333333333
10,110,0.2866666666666667,0.9630872483221422,6647.603415966034,19.1,23217.5,0.6666666666666666,7166.666666666667
11,120,0.8783466666666667,0.9597315436241551,6979.463733911514,16.0,20386.8,15.333333333333334,21958.666666666668
12,130,0.2860933333333333,0.9563758389261681,7295.602859258652,18.6,21615.4,0.6666666666666666,7152.333333333333
13,140,0.23768,0.953020134228181,7565.389076948166,14.1,18630.8,0.3333333333333333,5942.0
14,150,0.302,0.9496644295301939,7851.429690361023,17.1,19398.8,0.6666666666666666,7550.0
15,160,0.99996,0.9463087248322068,8174.12952208519,14.7,19494.2,14.666666666666666,24999.0
16,170,0.2778666666666667,0.9429530201342198,8547.683253526688,20.0,23965.3,0.6666666666666666,6946.666666666667
17,180,0.2152133333333333,0.9395973154362327,8819.239628314972,13.4,18575.1,0.3333333333333333,5380.333333333333
18,190,0.2472133333333333,0.9362416107382456,9132.631951093674,18.8,20111.8,0.3333333333333333,6180.333333333333
19,200,0.2274533333333333,0.9328859060402586,9432.820416927338,13.8,19257.5,0.3333333333333333,5686.333333333333
20,210,0.32216,0.9295302013422715,9766.463244438171,20.2,22653.8,0.6666666666666666,8054.0
21,220,0.2966933333333333,0.9261744966442844,10045.232970237732,16.3,18839.3,0.6666666666666666,7417.333333333333
22,230,0.24648,0.9228187919462973,10301.234840869904,14.1,17365.5,0.3333333333333333,6162.0
23,240,0.19766666666666668,0.9194630872483103,10635.812090158463,21.8,23096.6,0.0,4941.666666666667
24,250,0.2846533333333333,0.9161073825503232,10994.72061085701,20.7,24520.9,0.6666666666666666,7116.333333333333
25,260,0.99996,0.9127516778523361,11318.58827161789,15.2,19484.4,20.666666666666668,24999.0
26,270,0.15873333333333334,0.9093959731543491,11578.941901922226,14.1,17395.5,0.0,3968.3333333333335
27,280,0.99996,0.906040268456362,11930.718426942825,18.4,21337.8,23.333333333333332,24999.0
28,290,0.21432,0.9026845637583749,12268.229931592941,19.5,22395.5,0.3333333333333333,5358.0
29,300,0.35629333333333335,0.8993288590603878,12486.577310085297,9.9,14217.4,1.0,8907.333333333334
30,310,0.99996,0.8959731543624008,12822.322885274887,15.9,19170.5,18.333333333333332,24999.0
31,320,0.99996,0.8926174496644137,13167.785375595093,16.5,20278.3,19.0,24999.0
32,330,0.18990666666666667,0.8892617449664266,13450.163577318192,14.4,19226.9,0.0,4747.666666666667
33,340,0.1947333333333333,0.8859060402684396,13734.549115896225,17.9,19434.9,0.3333333333333333,4868.333333333333
34,350,0.26041333333333333,0.8825503355704525,14040.709108829498,17.0,20905.3,0.3333333333333333,6510.333333333333
35,360,0.26509333333333335,0.8791946308724654,14373.651735782623,18.7,22170.7,0.3333333333333333,6627.333333333333
36,370,0.9557333333333333,0.8758389261744783,14699.245193719864,17.9,19690.0,19.333333333333332,23893.333333333332
37,380,0.16610666666666668,0.8724832214764913,15030.63241648674,16.8,23014.6,0.0,4152.666666666667
38,390,0.2785066666666667,0.8691275167785042,15363.750566005707,15.8,21814.7,0.6666666666666666,6962.666666666667
39,400,0.2533333333333333,0.8657718120805171,15703.960020780563,19.1,22523.8,0.3333333333333333,6333.333333333333
40,410,0.2609066666666667,0.86241610738253,16023.548293352127,16.4,20656.0,0.6666666666666666,6522.666666666667
41,420,0.99996,0.859060402684543,16361.84819316864,15.0,20462.2,17.333333333333332,24999.0
42,430,0.3034133333333333,0.8557046979865559,16656.552816152573,14.7,19951.7,0.6666666666666666,7585.333333333333
43,440,0.25965333333333335,0.8523489932885688,16946.5820748806,16.3,19184.7,0.3333333333333333,6491.333333333333
44,450,0.3161066666666667,0.8489932885905818,17251.01810646057,17.0,20455.4,0.6666666666666666,7902.666666666667
45,460,0.99996,0.8456375838925947,17646.300142288208,22.3,24529.4,17.333333333333332,24999.0
46,470,0.2333333333333333,0.8422818791946076,18002.595878362656,18.6,24753.8,0.3333333333333333,5833.333333333333
47,480,0.99996,0.8389261744966205,18355.553295612335,17.7,20416.3,18.666666666666668,24999.0
48,490,0.29414666666666667,0.8355704697986335,18664.32550263405,16.2,19581.9,0.6666666666666666,7353.666666666667
49,500,0.19041333333333332,0.8322147651006464,19008.868774175644,18.8,22655.5,0.0,4760.333333333333
50,510,0.21549333333333331,0.8288590604026593,19366.119186401367,20.2,23486.8,0.3333333333333333,5387.333333333333
51,520,0.99996,0.8255033557046723,19669.744126796722,12.9,17262.6,19.333333333333332,24999.0
52,530,0.99996,0.8221476510066852,19990.821561336517,12.1,18197.5,18.0,24999.0
53,540,0.24944,0.8187919463086981,20228.916380643845,9.9,15565.7,0.3333333333333333,6236.0
54,550,0.99996,0.815436241610711,20532.613148212433,11.2,17219.8,14.666666666666666,24999.0
55,560,0.32508,0.812080536912724,20842.93869805336,17.2,20534.2,1.0,8127.0
56,570,0.33616,0.8087248322147369,21096.301587581635,15.1,16275.4,1.0,8404.0
57,580,0.29488,0.8053691275167498,21465.845148324966,22.5,25000.0,0.6666666666666666,7372.0
58,590,0.33025333333333334,0.8020134228187628,21809.332347154617,16.6,22834.5,1.0,8256.333333333334
59,600,0.3504933333333334,0.7986577181207757,22088.666536092758,16.2,18348.0,1.0,8762.333333333334
60,610,0.99996,0.7953020134227886,22451.249885320663,17.6,21917.4,19.0,24999.0
61,620,0.99996,0.7919463087248015,22784.926332712173,15.3,19804.2,23.0,24999.0
62,630,0.2511733333333333,0.7885906040268145,23094.540641784668,16.4,20403.8,0.3333333333333333,6279.333333333333
63,640,0.99996,0.7852348993288274,23442.79831147194,16.6,19757.1,20.333333333333332,24999.0
64,650,0.34934666666666664,0.7818791946308403,23826.830666542053,19.2,23789.3,1.0,8733.666666666666
65,660,0.2943466666666667,0.7785234899328533,24105.362471580505,13.4,17550.5,0.6666666666666666,7358.666666666667
66,670,0.3003866666666667,0.7751677852348662,24345.9659409523,14.7,15752.0,0.6666666666666666,7509.666666666667
67,680,0.99996,0.7718120805368791,24644.824489593506,11.1,16512.9,18.0,24999.0
68,690,0.29076,0.768456375838892,24924.7976706028,13.7,18493.7,0.6666666666666666,7269.0
69,700,0.31208,0.765100671140905,25231.15970349312,16.9,19869.5,1.0,7802.0
70,710,0.26009333333333334,0.7617449664429179,25506.490817070007,14.3,18238.8,0.3333333333333333,6502.333333333333
71,720,0.31462666666666667,0.7583892617449308,25825.576357126236,17.9,21095.4,1.0,7865.666666666667
72,730,0.2936933333333333,0.7550335570469437,26114.91455745697,15.9,19131.8,0.6666666666666666,7342.333333333333
73,740,0.2522,0.7516778523489567,26404.422174692154,16.1,19234.2,0.3333333333333333,6305.0
74,750,0.99996,0.7483221476509696,26772.836238622665,15.9,21714.0,18.666666666666668,24999.0
75,760,0.99576,0.7449664429529825,27141.08111357689,14.3,19708.8,19.333333333333332,24894.0
76,770,0.34526666666666667,0.7416107382549955,27504.91851091385,19.7,23096.3,1.0,8631.666666666666
77,780,0.3200266666666667,0.7382550335570084,27801.97653245926,15.1,19645.6,0.6666666666666666,8000.666666666667
78,790,0.2614666666666667,0.7348993288590213,28156.165773391724,18.9,22460.4,0.6666666666666666,6536.666666666667
79,800,0.26484,0.7315436241610342,28460.803255558014,16.4,20189.2,0.3333333333333333,6621.0
80,810,0.20054666666666668,0.7281879194630472,28723.65514230728,13.7,17743.9,0.3333333333333333,5013.666666666667
81,820,0.30076,0.7248322147650601,29007.796137094498,13.6,18968.9,0.6666666666666666,7519.0
82,830,0.3227333333333333,0.721476510067073,29347.8700401783,19.6,22346.4,1.0,8068.333333333333
83,840,0.5548266666666667,0.718120805369086,29646.396389484406,13.1,18649.4,0.6666666666666666,13870.666666666666
84,850,0.24208,0.7147651006710989,29992.7841732502,18.3,23463.4,0.3333333333333333,6052.0
85,860,0.8226133333333333,0.7114093959731118,30338.123086214066,15.7,21334.4,15.666666666666666,20565.333333333332
86,870,0.99996,0.7080536912751247,30654.726278543472,15.4,17228.7,13.333333333333334,24999.0
87,880,0.15914666666666666,0.7046979865771377,31005.923609972,21.5,21999.0,0.3333333333333333,3978.6666666666665
88,890,0.26954666666666666,0.7013422818791506,31290.0547747612,14.1,18036.5,0.6666666666666666,6738.666666666667
89,900,0.99996,0.6979865771811635,31686.146022081375,20.7,23340.1,22.666666666666668,24999.0
90,910,0.29858666666666667,0.6946308724831765,31997.61554813385,15.8,20641.2,0.6666666666666666,7464.666666666667
91,920,0.20701333333333333,0.6912751677851894,32244.668374300003,12.4,16525.6,0.3333333333333333,5175.333333333333
92,930,0.1743333333333333,0.6879194630872023,32530.05932021141,16.0,18272.4,0.0,4358.333333333333
93,940,0.18641333333333332,0.6845637583892152,32879.53974890709,20.8,22923.9,0.0,4660.333333333333
94,950,0.35241333333333336,0.6812080536912282,33190.31642985344,17.6,20751.0,1.0,8810.333333333334
95,960,0.99996,0.6778523489932411,33568.00876784325,14.3,20359.6,16.0,24999.0
96,970,0.25564,0.674496644295254,33875.31004667282,17.8,22753.4,0.3333333333333333,6391.0
97,980,0.15810666666666667,0.671140939597267,34116.77333235741,12.8,18156.4,0.0,3952.6666666666665
98,990,0.99996,0.6677852348992799,34398.43235421181,13.3,18395.7,19.666666666666668,24999.0
99,1000,0.20909333333333333,0.6644295302012928,34627.60735654831,13.4,17071.9,0.3333333333333333,5227.333333333333
100,1010,0.22558666666666669,0.6610738255033057,34920.88662362099,22.7,21955.3,0.3333333333333333,5639.666666666667
101,1020,0.99996,0.6577181208053187,35261.98127031326,18.3,22974.1,20.333333333333332,24999.0
102,1030,0.23853333333333332,0.6543624161073316,35544.55036568642,16.3,21075.0,0.3333333333333333,5963.333333333333
103,1040,0.24070666666666668,0.6510067114093445,35811.15496635437,15.0,20027.1,0.6666666666666666,6017.666666666667
104,1050,0.99996,0.6476510067113574,36143.22427749634,18.9,22252.4,20.0,24999.0
105,1060,0.2738133333333333,0.6442953020133704,36399.83324599266,15.5,18882.7,0.6666666666666666,6845.333333333333
106,1070,0.99996,0.6409395973153833,36709.71524143219,16.3,20510.3,19.0,24999.0
107,1080,0.99996,0.6375838926173962,37012.722653865814,17.9,20015.0,18.666666666666668,24999.0
108,1090,0.99996,0.6342281879194092,37315.89755678177,16.6,20058.9,21.333333333333332,24999.0
109,1100,0.22216,0.6308724832214221,37594.77177405357,18.2,20810.2,0.3333333333333333,5554.0
110,1110,0.31509333333333334,0.627516778523435,37880.29590964317,17.5,21031.1,1.0,7877.333333333333
111,1120,0.37206666666666666,0.6241610738254479,38143.91119599342,11.8,19142.9,1.0,9301.666666666666
112,1130,0.2812,0.6208053691274609,38402.80130672455,15.5,19090.5,0.6666666666666666,7030.0
113,1140,0.24084,0.6174496644294738,38671.10602068901,17.4,19952.8,0.3333333333333333,6021.0
114,1150,0.3273333333333333,0.6140939597314867,38909.37848329544,16.4,17364.0,0.6666666666666666,8183.333333333333
115,1160,0.3068133333333333,0.6107382550334997,39156.93726468086,15.1,18143.2,0.6666666666666666,7670.333333333333
116,1170,0.3305066666666666,0.6073825503355126,39420.1536552906,15.6,19275.3,0.6666666666666666,8262.666666666666
117,1180,0.43476,0.6040268456375255,39702.5688328743,14.5,20488.2,7.333333333333333,10869.0
118,1190,0.28232,0.6006711409395384,39960.29080891609,14.8,18973.0,0.6666666666666666,7058.0
119,1200,0.23754666666666668,0.5973154362415514,40230.21944093704,16.5,20063.2,0.3333333333333333,5938.666666666667
120,1210,0.2537733333333333,0.5939597315435643,40473.769879579544,14.1,17974.0,0.3333333333333333,6344.333333333333
121,1220,0.2145733333333333,0.5906040268455772,40716.86145186424,14.3,18034.2,0.3333333333333333,5364.333333333333
122,1230,0.3088266666666667,0.5872483221475902,41008.69090628624,18.0,21511.5,0.6666666666666666,7720.666666666667
123,1240,0.22849333333333333,0.5838926174496031,41313.753224134445,20.6,22809.7,0.3333333333333333,5712.333333333333
124,1250,0.3156666666666667,0.580536912751616,41532.01152086258,13.0,15826.3,1.0,7891.666666666667
125,1260,0.22554666666666667,0.5771812080536289,41848.37196922302,19.1,23836.7,0.3333333333333333,5638.666666666667
126,1270,0.2785333333333333,0.5738255033556419,42107.270161390305,16.1,19040.3,0.6666666666666666,6963.333333333333
127,1280,0.30130666666666667,0.5704697986576548,42392.38940668106,17.0,20923.7,0.6666666666666666,7532.666666666667
128,1290,0.3643733333333334,0.5671140939596677,42642.0538918972,15.0,17993.5,1.0,9109.333333333334
129,1300,0.2524533333333333,0.5637583892616806,42930.7506403923,16.5,21367.2,0.3333333333333333,6311.333333333333
130,1310,0.16529333333333332,0.5604026845636936,43175.69103169441,15.8,18288.6,0.0,4132.333333333333
131,1320,0.3134533333333333,0.5570469798657065,43415.718957424164,17.8,17340.8,0.6666666666666666,7836.333333333333
132,1330,0.8892666666666668,0.5536912751677194,43707.060676813126,14.6,19360.0,14.666666666666666,22231.666666666668
133,1340,0.99996,0.5503355704697324,44013.99757671356,14.6,20119.2,18.333333333333332,24999.0
134,1350,0.19701333333333332,0.5469798657717453,44272.52051901817,14.3,19152.6,0.0,4925.333333333333
135,1360,0.35686666666666667,0.5436241610737582,44491.95975732803,10.8,15609.9,1.0,8921.666666666666
136,1370,0.30656,0.5402684563757711,44756.76449513435,15.7,19239.5,0.6666666666666666,7664.0
137,1380,0.31653333333333333,0.5369127516777841,45008.92525815964,14.0,18243.2,0.6666666666666666,7913.333333333333
138,1390,0.3016,0.533557046979797,45313.823050260544,18.6,22321.1,0.6666666666666666,7540.0
139,1400,0.24037333333333333,0.5302013422818099,45541.91922068596,11.9,16634.5,0.3333333333333333,6009.333333333333
140,1410,0.16608,0.5268456375838229,45813.55688786507,17.7,20198.9,0.0,4152.0
141,1420,0.99996,0.5234899328858358,46123.76966500282,16.8,20297.0,18.666666666666668,24999.0
142,1430,0.99996,0.5201342281878487,46454.032497644424,17.3,21846.0,18.666666666666668,24999.0
143,1440,0.18714666666666668,0.5167785234898616,46704.05769133568,15.8,18562.1,0.0,4678.666666666667
144,1450,0.8574666666666667,0.5134228187918746,46940.80760717392,11.2,15242.2,18.0,21436.666666666668
145,1460,0.99996,0.5100671140938875,47206.915885448456,14.0,16988.7,20.666666666666668,24999.0
146,1470,0.3039866666666667,0.5067114093959004,47471.895127534866,14.7,19246.6,0.6666666666666666,7599.666666666667
147,1480,0.26988,0.5033557046979134,47696.45657324791,12.3,16275.9,0.6666666666666666,6747.0
148,1490,0.31922666666666666,0.49999999999992634,47980.443115234375,17.3,20570.1,1.0,7980.666666666667
149,1500,0.3234266666666667,0.4966442953019398,48241.54516124725,16.9,18914.9,0.6666666666666666,8085.666666666667
150,1510,0.2236,0.4932885906039533,48451.8275411129,11.4,15298.6,0.3333333333333333,5590.0
151,1520,0.24276,0.4899328859059668,48704.14160323143,12.5,18582.6,0.3333333333333333,6069.0
152,1530,0.2544933333333333,0.48657718120798027,48913.08227086067,9.7,15215.5,0.3333333333333333,6362.333333333333
153,1540,0.27792,0.48322147650999375,49199.28073763847,16.3,20985.5,0.6666666666666666,6948.0
154,1550,0.99996,0.47986577181200724,49513.818273067474,16.5,20663.9,21.333333333333332,24999.0
155,1560,0.20653333333333332,0.4765100671140207,49773.214938640594,16.0,19090.2,0.3333333333333333,5163.333333333333
156,1570,0.99996,0.4731543624160342,50101.872562885284,20.2,21628.9,23.333333333333332,24999.0
157,1580,0.99996,0.4697986577180477,50406.72933888435,15.7,19855.0,19.666666666666668,24999.0
158,1590,0.23052,0.46644295302006117,50719.05880069733,22.1,22892.8,0.3333333333333333,5763.0
159,1600,0.99996,0.46308724832207465,51035.20667171478,18.3,20710.3,20.333333333333332,24999.0
160,1610,0.99996,0.45973154362408813,51321.72028040886,16.9,18507.9,18.333333333333332,24999.0
161,1620,0.99996,0.4563758389261016,51651.815932273865,20.1,21819.7,20.666666666666668,24999.0
162,1630,0.26836,0.4530201342281151,51916.70646953583,15.4,19399.9,0.6666666666666666,6709.0
163,1640,0.7842,0.4496644295301286,52246.60984110832,18.4,22415.5,15.333333333333334,19605.0
164,1650,0.29073333333333334,0.44630872483214207,52537.70242333412,19.0,21173.6,0.6666666666666666,7268.333333333333
165,1660,0.99996,0.44295302013415555,52837.61611151695,17.6,19379.9,20.666666666666668,24999.0
166,1670,0.9051466666666668,0.43959731543616903,53116.10905265808,15.2,18052.5,16.333333333333332,22628.666666666668
167,1680,0.3201333333333333,0.4362416107381825,53382.77519273758,16.5,19170.8,0.6666666666666666,8003.333333333333
168,1690,0.27573333333333333,0.432885906040196,53626.34849882126,15.6,17526.5,0.6666666666666666,6893.333333333333
169,1700,0.28272,0.4295302013422095,53892.09851694107,15.5,19213.9,0.6666666666666666,7068.0
170,1710,0.24836,0.42617449664422297,54165.141325712204,16.3,19897.6,0.3333333333333333,6209.0
171,1720,0.46153333333333335,0.42281879194623645,54407.50078511238,12.9,16813.9,7.333333333333333,11538.333333333334
172,1730,0.1703866666666667,0.41946308724824993,54650.88562750816,11.8,17959.9,0.0,4259.666666666667
173,1740,0.24814666666666668,0.4161073825502634,54897.260263204575,14.9,17810.4,0.3333333333333333,6203.666666666667
174,1750,0.9484,0.4127516778522769,55198.68544769287,15.6,19668.3,15.666666666666666,23710.0
175,1760,0.7814933333333333,0.4093959731542904,55481.04285812378,14.9,18781.8,16.333333333333332,19537.333333333332
176,1770,0.3098666666666667,0.40604026845630387,55766.51480913162,16.4,20663.8,1.0,7746.666666666667
177,1780,0.28757333333333335,0.40268456375831735,56050.38956999779,14.3,20749.7,0.6666666666666666,7189.333333333333
178,1790,0.37373333333333336,0.39932885906033083,56352.108115911484,18.5,21625.7,1.0,9343.333333333334
179,1800,0.30084,0.3959731543623443,56633.13609099388,14.1,20511.5,0.6666666666666666,7521.0
180,1810,0.23557333333333333,0.3926174496643578,56955.69445300102,22.2,23745.9,0.3333333333333333,5889.333333333333
181,1820,0.2911333333333333,0.3892617449663713,57249.8996963501,19.3,21347.0,0.6666666666666666,7278.333333333333
182,1830,0.2496266666666667,0.38590604026838476,57423.967212200165,9.3,12395.6,0.3333333333333333,6240.666666666667
183,1840,0.28945333333333334,0.38255033557039825,57653.585522174835,12.2,16520.5,0.6666666666666666,7236.333333333333
184,1850,0.26766666666666666,0.37919463087241173,57880.74407124519,11.2,16325.0,0.6666666666666666,6691.666666666667
185,1860,0.23532,0.3758389261744252,58167.554763793945,16.9,21074.2,0.3333333333333333,5883.0
186,1870,0.99996,0.3724832214764387,58461.2209854126,15.5,19040.0,21.666666666666668,24999.0
187,1880,0.99996,0.3691275167784522,58767.22679066658,17.0,20009.4,16.0,24999.0
188,1890,0.99996,0.36577181208046566,59039.9758169651,14.1,17366.0,19.0,24999.0
189,1900,0.2565866666666667,0.36241610738247915,59270.01591229439,12.6,16669.1,0.6666666666666666,6414.666666666667
190,1910,0.2611733333333333,0.35906040268449263,59564.96223449707,16.6,21588.4,0.6666666666666666,6529.333333333333
191,1920,0.32034666666666667,0.3557046979865061,59805.960750103,15.4,17312.9,0.6666666666666666,8008.666666666667
192,1930,0.99996,0.3523489932885196,60107.45568776131,17.6,19544.8,17.333333333333332,24999.0
193,1940,0.99996,0.3489932885905331,60345.05886507034,10.8,14685.9,21.333333333333332,24999.0
194,1950,0.26628,0.34563758389254656,60592.47397494316,14.9,17949.8,0.6666666666666666,6657.0
195,1960,0.2670133333333333,0.34228187919456005,60884.445697784424,18.7,21317.7,0.6666666666666666,6675.333333333333
196,1970,0.99996,0.33892617449657353,61158.2244784832,11.8,17412.9,19.0,24999.0
197,1980,0.97168,0.335570469798587,61425.721411943436,10.5,17180.1,14.666666666666666,24292.0
198,1990,0.2361066666666667,0.3322147651006005,61694.6824362278,19.5,19651.2,0.3333333333333333,5902.666666666667
199,2000,0.2636,0.328859060402614,61990.78527402878,18.6,21608.5,0.6666666666666666,6590.0
200,2010,0.3177466666666667,0.32550335570462746,62166.59792304039,8.5,12321.5,0.6666666666666666,7943.666666666667
201,2020,0.2875333333333333,0.32214765100664094,62475.57199382782,18.9,22467.3,0.6666666666666666,7188.333333333333
202,2030,0.99996,0.31879194630865443,62785.89101648331,15.9,20321.0,17.0,24999.0
203,2040,0.8755866666666667,0.3154362416106679,63107.076991558075,17.4,21399.8,17.333333333333332,21889.666666666668
204,2050,0.22169333333333333,0.3120805369126814,63384.798424720764,18.2,20301.2,0.3333333333333333,5542.333333333333
205,2060,0.2833333333333333,0.3087248322146949,63619.881126880646,14.2,16905.1,0.6666666666666666,7083.333333333333
206,2070,0.3146933333333333,0.30536912751670836,63874.16228532791,14.1,18242.4,0.6666666666666666,7867.333333333333
207,2080,0.2360266666666667,0.30201342281872184,64129.83388352394,13.3,18695.1,0.3333333333333333,5900.666666666667
208,2090,0.99996,0.2986577181207353,64424.9696393013,12.8,19141.3,15.666666666666666,24999.0
209,2100,0.3025733333333333,0.2953020134227488,64637.95442986488,10.4,15065.5,0.6666666666666666,7564.333333333333
210,2110,0.99996,0.2919463087247623,64942.24474620819,16.5,19655.1,20.666666666666668,24999.0
211,2120,0.29993333333333333,0.2885906040267758,65202.17824959755,14.9,18705.2,0.6666666666666666,7498.333333333333
212,2130,0.26922666666666667,0.28523489932878926,65453.33663344383,15.2,18112.3,0.6666666666666666,6730.666666666667
213,2140,0.99996,0.28187919463080274,65726.74992895126,13.4,17271.6,16.666666666666668,24999.0
214,2150,0.25228,0.2785234899328162,65997.67710542679,18.0,19665.9,0.3333333333333333,6307.0
215,2160,0.343,0.2751677852348297,66252.79461956024,14.4,18181.0,1.0,8575.0
216,2170,0.3173333333333333,0.2718120805368432,66507.48091030121,14.0,18236.9,0.6666666666666666,7933.333333333333
217,2180,0.31074666666666667,0.2684563758388567,66772.47369813919,14.0,19131.5,1.0,7768.666666666667
218,2190,0.2458,0.26510067114087016,67040.66521072388,15.4,19473.0,0.3333333333333333,6145.0
219,2200,0.24749333333333332,0.26174496644288364,67190.77422833443,6.2,10534.8,0.3333333333333333,6187.333333333333
220,2210,0.2388266666666667,0.2583892617448971,67393.61934041977,9.7,14542.2,0.3333333333333333,5970.666666666667
221,2220,0.26076,0.2550335570469106,67603.16038584709,9.6,14960.6,0.3333333333333333,6519.0
222,2230,0.99996,0.2516778523489241,67874.75408315659,12.9,17153.5,16.666666666666668,24999.0
223,2240,0.3103866666666667,0.24832214765093757,68142.13878130913,16.9,19112.1,0.6666666666666666,7759.666666666667
224,2250,0.34908,0.24496644295295106,68438.43531060219,14.1,21218.2,1.0,8727.0
225,2260,0.3055333333333333,0.24161073825496454,68680.62897634506,10.0,17418.0,0.6666666666666666,7638.333333333333
226,2270,0.99996,0.23825503355697802,68982.14284157753,14.4,19386.8,19.666666666666668,24999.0
227,2280,0.2654,0.2348993288589915,69195.53328108788,10.4,15250.8,0.3333333333333333,6635.0
228,2290,0.27370666666666665,0.231543624161005,69461.38133454323,13.2,19290.4,0.6666666666666666,6842.666666666667
229,2300,0.99996,0.22818791946301847,69758.81072306633,14.2,19106.5,18.333333333333332,24999.0
230,2310,0.99996,0.22483221476503196,70060.455234766,14.3,19529.5,17.666666666666668,24999.0
231,2320,0.7386,0.22147651006704544,70330.62154626846,12.1,18027.9,16.0,18465.0
232,2330,0.99996,0.21812080536905892,70652.35590910912,16.7,20886.2,18.0,24999.0
233,2340,0.2516933333333333,0.2147651006710724,70904.71683979034,13.0,18173.6,0.6666666666666666,6292.333333333333
234,2350,0.23965333333333333,0.2114093959730859,71127.21724057198,11.7,15954.9,0.6666666666666666,5991.333333333333
235,2360,0.18053333333333332,0.20805369127509937,71404.10194969177,17.7,20229.4,0.0,4513.333333333333
236,2370,0.99996,0.20469798657711286,71714.4966378212,16.9,19997.1,18.0,24999.0
237,2380,0.26569333333333334,0.20134228187912634,71983.4479997158,15.0,19503.8,0.6666666666666666,6642.333333333333
238,2390,0.99996,0.19798657718113982,72297.95013856888,16.4,20518.2,10.666666666666666,24999.0
239,2400,0.3214933333333333,0.1946308724831533,72550.78730750084,12.6,18000.9,1.0,8037.333333333333
240,2410,0.99996,0.1912751677851668,72818.4356944561,13.6,16842.4,20.0,24999.0
241,2420,0.26468,0.18791946308718027,73049.42674708366,14.3,16492.4,0.6666666666666666,6617.0
242,2430,0.2690133333333333,0.18456375838919375,73284.05315876007,14.0,16838.5,0.6666666666666666,6725.333333333333
243,2440,0.24572,0.18120805369120724,73550.14937996864,17.3,19177.4,0.3333333333333333,6143.0
244,2450,0.38097333333333333,0.17785234899322072,73799.96138191223,16.6,17510.1,1.0,9524.333333333334
245,2460,0.3615333333333334,0.1744966442952342,74065.57984685898,14.5,18766.3,1.0,9038.333333333334
246,2470,0.23105333333333333,0.1711409395972477,74291.25635790825,11.4,16202.8,0.3333333333333333,5776.333333333333
247,2480,0.2508,0.16778523489926117,74578.1700167656,19.3,20718.0,0.3333333333333333,6270.0
248,2490,0.3429466666666666,0.16442953020127465,74884.52374601364,17.8,21833.7,1.0,8573.666666666666
249,2500,0.2621466666666667,0.16107382550328814,75173.84601020813,19.2,20757.1,0.3333333333333333,6553.666666666667
250,2510,0.32814666666666664,0.15771812080530162,75448.59180307388,15.9,19486.1,0.6666666666666666,8203.666666666666
251,2520,0.23286666666666667,0.1543624161073151,75659.78998947144,10.3,15026.0,0.3333333333333333,5821.666666666667
252,2530,0.99996,0.1510067114093286,75926.8525378704,13.6,16681.9,15.666666666666666,24999.0
253,2540,0.29202666666666666,0.14765100671134207,76145.56341409683,10.3,15394.8,0.6666666666666666,7300.666666666667
254,2550,0.24822666666666668,0.14429530201335555,76432.0604467392,17.0,20518.0,0.3333333333333333,6205.666666666667
255,2560,0.20008,0.14093959731536904,76737.59308505058,15.5,22266.9,0.0,5002.0
256,2570,0.99996,0.13758389261738252,77055.25778341293,16.0,20552.5,17.0,24999.0
257,2580,0.22397333333333333,0.134228187919396,77308.70934772491,16.6,18286.8,0.3333333333333333,5599.333333333333
258,2590,0.33226666666666665,0.13087248322140949,77538.00210404396,12.5,16092.4,1.0,8306.666666666666
259,2600,0.99996,0.12751677852342297,77783.648062706,11.6,14958.6,20.666666666666668,24999.0
260,2610,0.23730666666666667,0.12416107382543645,78039.04257464409,15.2,18216.5,0.3333333333333333,5932.666666666667
261,2620,0.18738666666666667,0.12080536912744994,78213.61919116974,9.3,12380.7,0.0,4684.666666666667
262,2630,0.27041333333333334,0.11744966442946342,78452.18222332001,12.6,16845.1,0.6666666666666666,6760.333333333333
263,2640,0.2514266666666667,0.1140939597314769,78775.27804517746,19.1,23243.3,0.3333333333333333,6285.666666666667
264,2650,0.99996,0.11073825503349038,79082.62887310982,15.1,19789.1,14.333333333333334,24999.0
265,2660,0.9989866666666667,0.10738255033550387,79362.04444980621,12.8,17575.5,22.0,24974.666666666668
266,2670,0.23073333333333332,0.10402684563751735,79534.82645440102,8.8,12163.1,0.3333333333333333,5768.333333333333
267,2680,0.2631733333333333,0.10067114093953083,79765.59881401062,12.6,16416.0,0.6666666666666666,6579.333333333333
268,2690,0.21301333333333333,0.09731543624154432,79980.30997610092,10.6,15293.5,0.3333333333333333,5325.333333333333
269,2700,0.2492933333333333,0.0939597315435578,80273.38674712181,18.2,20992.3,0.3333333333333333,6232.333333333333
270,2710,0.26728,0.09060402684557128,80519.11617183685,12.1,17516.1,0.6666666666666666,6682.0
271,2720,0.3140133333333333,0.08724832214758477,80781.84540367126,16.5,18565.3,0.6666666666666666,7850.333333333333
272,2730,0.2826133333333333,0.08389261744959825,80962.23656392097,8.4,12553.5,0.6666666666666666,7065.333333333333
273,2740,0.2779333333333333,0.08053691275161173,81235.85952496529,16.3,19609.9,0.6666666666666666,6948.333333333333
274,2750,0.27304,0.07718120805362522,81500.99146199226,14.7,18872.8,0.6666666666666666,6826.0
275,2760,0.7522666666666668,0.0738255033556387,81760.34430575371,13.3,16810.3,15.666666666666666,18806.666666666668
276,2770,0.99996,0.07046979865765218,82038.00062441826,10.9,17324.7,21.0,24999.0
277,2780,0.24753333333333333,0.06711409395966567,82302.5750412941,15.1,18888.9,0.3333333333333333,6188.333333333333
278,2790,0.24305333333333332,0.06375838926167915,82605.5333867073,18.6,21912.2,0.3333333333333333,6076.333333333333
279,2800,0.24206666666666668,0.060402684563692584,82857.98414134979,12.3,18035.3,0.3333333333333333,6051.666666666667
280,2810,0.2617733333333333,0.057046979865706,83100.65656924248,13.9,17236.8,0.6666666666666666,6544.333333333333
281,2820,0.29574666666666666,0.05369127516771941,83298.75423717499,9.0,13805.3,0.6666666666666666,7393.666666666667
282,2830,0.31572,0.050335570469732825,83561.8570394516,13.6,18736.1,1.0,7893.0
283,2840,0.99996,0.05,83855.23249101639,13.6,18521.7,14.0,24999.0
284,2850,0.29224,0.05,84111.10132074356,14.5,18048.6,0.6666666666666666,7306.0
285,2860,0.2713466666666667,0.05,84350.75409460068,12.6,16931.8,0.6666666666666666,6783.666666666667
286,2870,0.99996,0.05,84612.41285634041,14.4,16171.8,18.333333333333332,24999.0
287,2880,0.30972,0.05,84929.23730254173,19.2,22593.9,1.0,7743.0
288,2890,0.2057733333333333,0.05,85168.04304409027,12.2,17248.7,0.3333333333333333,5144.333333333333
289,2900,0.22934666666666667,0.05,85427.5029501915,14.8,18659.7,0.3333333333333333,5733.666666666667
290,2910,0.19633333333333333,0.05,85659.48031878471,13.8,16654.1,0.0,4908.333333333333
291,2920,0.2560266666666667,0.05,85919.00465106964,15.1,18516.0,0.3333333333333333,6400.666666666667
292,2930,0.22493333333333332,0.05,86173.42552614212,15.3,18209.2,0.3333333333333333,5623.333333333333
293,2940,0.30449333333333334,0.05,86411.70247888565,10.1,16748.5,0.6666666666666666,7612.333333333333
294,2950,0.28948,0.05,86650.740670681,12.4,16857.5,0.6666666666666666,7237.0
295,2960,0.2835066666666667,0.05,86870.22243022919,12.1,15413.6,0.6666666666666666,7087.666666666667
296,2970,0.21792,0.05,87061.14377856255,9.2,13520.4,0.3333333333333333,5448.0
297,2980,0.2612133333333333,0.05,87306.65334177017,13.7,17463.7,0.3333333333333333,6530.333333333333
298,2990,0.22030666666666668,0.05,87527.34018969536,10.4,15773.0,0.3333333333333333,5507.666666666667
299,3000,0.99996,0.05,87829.12266612053,15.6,19214.5,17.0,24999.0
