,episode,test_success_ratio,epsilon,time,train_score,train_mean_steps,test_score,test_mean_steps
0,10,0.11399,0.9795918367346936,142.88200092315674,11.9,12000.0,2.8,6839.4
1,20,0.19998333333333335,0.9591836734693873,296.13700127601624,10.4,11700.0,8.0,11999.0
2,30,0.19998333333333335,0.9387755102040809,446.6225006580353,8.5,11545.3,14.0,11999.0
3,40,0.19998333333333335,0.9183673469387745,584.4830014705658,7.9,10326.4,8.0,11999.0
4,50,0.14327333333333334,0.8979591836734682,726.2750010490417,9.5,11241.8,1.0,8596.4
5,60,0.14915666666666666,0.8775510204081618,876.7575008869171,11.1,11997.8,0.6,8949.4
6,70,0.06508333333333334,0.8571428571428554,1003.8210008144379,8.0,10635.9,0.0,3905.0
7,80,0.14080666666666666,0.8367346938775491,1147.2525007724762,10.7,11493.6,0.6,8448.4
8,90,0.19998333333333335,0.8163265306122427,1282.9060111045837,8.4,9993.6,6.0,11999.0
9,100,0.08865333333333333,0.7959183673469363,1418.6710004806519,9.7,11099.6,0.2,5319.2
10,110,0.12265666666666666,0.77551020408163,1563.4249994754791,7.8,11347.7,0.6,7359.4
11,120,0.11583,0.7551020408163236,1714.9925029277802,9.3,11398.7,0.4,6949.8
12,130,0.09825,0.7346938775510172,1864.4280006885529,8.6,11287.6,0.4,5895.0
13,140,0.07921333333333333,0.7142857142857109,2005.9004995822906,9.3,11541.0,0.2,4752.8
14,150,0.10879666666666667,0.6938775510204045,2158.907501220703,8.5,10896.9,0.4,6527.8
15,160,0.12361333333333334,0.6734693877550981,2340.5625019073486,10.5,11478.6,0.8,7416.8
16,170,0.10273666666666666,0.6530612244897918,2529.942507505417,9.2,11605.3,0.4,6164.2
17,180,0.11016666666666666,0.6326530612244854,2652.506501674652,7.2,9800.5,0.6,6610.0
18,190,0.13025333333333333,0.612244897959179,2801.5125007629395,10.8,12000.0,0.8,7815.2
19,200,0.08302,0.5918367346938727,2940.9750015735626,10.6,11580.9,0.0,4981.2
20,210,0.15991,0.5714285714285663,3091.8419992923737,11.4,11858.5,2.0,9594.6
21,220,0.10692666666666667,0.5510204081632599,3208.495527267456,8.8,10582.9,0.6,6415.6
22,230,0.19998333333333335,0.5306122448979536,3330.413501739502,8.7,10091.2,8.8,11999.0
23,240,0.08002333333333332,0.5102040816326472,3452.7244997024536,10.9,11377.2,0.0,4801.4
24,250,0.10186333333333333,0.4897959183673408,3580.685001373291,9.5,11736.3,0.4,6111.8
25,260,0.14610666666666666,0.46938775510203445,3714.0235056877136,11.4,11817.4,3.2,8766.4
26,270,0.15106666666666665,0.4489795918367281,3839.732002019882,7.8,11135.1,1.0,9064.0
27,280,0.09686333333333334,0.4285714285714217,3957.2669994831085,10.6,10745.6,0.2,5811.8
28,290,0.19998333333333335,0.40816326530611535,4095.7165007591248,11.0,11676.6,10.4,11999.0
29,300,0.19998333333333335,0.387755102040809,4225.920500993729,9.7,10853.9,8.4,11999.0
30,310,0.19998333333333335,0.3673469387755026,4357.789501190186,9.8,10988.3,8.2,11999.0
31,320,0.07725333333333333,0.34693877551019625,4473.7244992256165,8.7,10665.1,0.0,4635.2
32,330,0.10727666666666667,0.3265306122448899,4604.620000362396,8.5,11846.5,0.6,6436.6
33,340,0.12789333333333333,0.3061224489795835,4723.207001924515,9.4,10466.3,0.8,7673.6
34,350,0.06388666666666666,0.28571428571427715,4839.818531990051,9.5,10845.0,0.0,3833.2
35,360,0.10853333333333333,0.2653061224489708,4961.764000654221,7.5,10995.8,0.4,6512.0
36,370,0.17232666666666668,0.2448979591836645,5083.229001998901,7.5,10239.6,6.0,10339.6
37,380,0.19998333333333335,0.2244897959183584,5206.074001073837,8.7,10025.8,10.2,11999.0
38,390,0.08007333333333333,0.20408163265305232,5326.694000482559,6.8,11012.8,0.0,4804.4
39,400,0.19998333333333335,0.18367346938774623,5456.210500717163,7.2,10681.4,10.8,11999.0
40,410,0.19998333333333335,0.16326530612244014,5578.406501054764,8.6,9971.5,3.8,11999.0
41,420,0.09228,0.14285714285713405,5699.284000635147,8.7,10891.6,0.4,5536.8
42,430,0.11894333333333335,0.12244897959182796,5825.538022041321,8.3,11101.5,0.6,7136.6
43,440,0.06789,0.10204081632652187,5943.938001394272,7.7,10792.1,0.0,4073.4
44,450,0.19998333333333335,0.08163265306121578,6080.5485146045685,7.7,11191.2,9.2,11999.0
45,460,0.11131333333333333,0.06122448979590969,6205.549500465393,8.8,10933.2,0.4,6678.8
46,470,0.10731333333333333,0.0408163265306036,6331.3850004673,8.3,11062.8,0.6,6438.8
47,480,0.09186000000000001,0.020408163265297492,6459.40900182724,10.0,11392.8,0.4,5511.6
48,490,0.11153333333333333,0.02,6587.044500589371,9.6,11157.3,0.6,6692.0
49,500,0.11650666666666666,0.02,6717.889500617981,6.9,11496.1,0.6,6990.4
