,episode,test_success_ratio,epsilon,time,train_score,train_mean_steps,test_score,test_mean_steps
0,5,0.3289,0.9888888888888888,121.45357847213745,,,0.75,6578.0
1,10,0.99995,0.9777777777777776,268.2069683074951,13.0,16820.0,14.0,19999.0
2,15,0.99995,0.9666666666666665,402.88504672050476,11.4,15176.0,16.25,19999.0
3,20,0.99995,0.9555555555555553,516.5720989704132,10.2,12486.7,20.25,19999.0
4,25,0.5655125,0.9444444444444441,661.2033340930939,11.8,14668.7,6.5,11310.25
5,30,0.2598,0.9333333333333329,763.9154040813446,11.7,16110.5,0.25,5196.0
6,35,0.99995,0.9222222222222217,923.7738447189331,11.9,15521.9,22.25,19999.0
7,40,0.3370875,0.9111111111111105,1039.5949201583862,13.6,16202.8,0.75,6741.75
8,45,0.3525375,0.8999999999999994,1163.8555195331573,12.2,15711.5,0.75,7050.75
9,50,0.316125,0.8888888888888882,1268.6122286319733,11.2,14900.3,0.5,6322.5
10,55,0.34505,0.877777777777777,1382.1431777477264,10.2,14065.6,0.5,6901.0
11,60,0.6978875,0.8666666666666658,1530.8742079734802,11.3,16122.2,5.75,13957.75
12,65,0.323025,0.8555555555555546,1630.9033284187317,10.9,15270.0,0.5,6460.5
13,70,0.31175,0.8444444444444434,1716.9531285762787,7.8,11846.4,0.5,6235.0
14,75,0.226825,0.8333333333333323,1832.3709659576416,9.2,13175.6,0.0,4536.5
15,80,0.462825,0.8222222222222211,1966.2699837684631,13.2,16209.0,1.0,9256.5
16,85,0.99995,0.8111111111111099,2094.3100984096527,12.2,14629.4,14.0,19999.0
17,90,0.99995,0.7999999999999987,2237.357057094574,10.3,13061.4,13.25,19999.0
18,95,0.99995,0.7888888888888875,2385.371319770813,10.1,14344.5,16.75,19999.0
19,100,0.3140125,0.7777777777777763,2527.1871972084045,12.7,16771.2,0.5,6280.25
20,105,0.37725,0.7666666666666652,2664.8623480796814,16.8,18193.0,0.75,7545.0
21,110,0.766775,0.755555555555554,2807.9554946422577,14.7,16789.8,9.0,15335.5
22,115,0.3527,0.7444444444444428,2960.4079868793488,15.8,17887.1,0.5,7054.0
23,120,0.296925,0.7333333333333316,3077.15785241127,16.5,17533.5,0.5,5938.5
24,125,0.9953625,0.7222222222222204,3238.607009410858,13.7,15977.3,15.0,19907.25
25,130,0.3629875,0.7111111111111093,3381.311999320984,15.8,17574.2,0.75,7259.75
26,135,0.7004875,0.6999999999999981,3522.170296907425,14.2,16974.8,8.25,14009.75
27,140,0.3801,0.6888888888888869,3672.1090955734253,13.4,17484.1,1.0,7602.0
28,145,0.291225,0.6777777777777757,3781.284261703491,12.7,16684.9,0.25,5824.5
29,150,0.3416625,0.6666666666666645,3904.772266626358,10.7,14856.0,0.5,6833.25
30,155,0.35015,0.6555555555555533,4058.7391238212585,15.2,17810.8,0.75,7003.0
31,160,0.340075,0.6444444444444422,4189.883184671402,17.9,18373.0,0.5,6801.5
32,165,0.2614125,0.633333333333331,4321.271064519882,14.2,17010.7,0.25,5228.25
33,170,0.2863,0.6222222222222198,4419.036859512329,10.4,14781.1,0.25,5726.0
34,175,0.3415625,0.6111111111111086,4550.558044195175,11.4,14501.3,0.5,6831.25
35,180,0.3115625,0.5999999999999974,4662.489155292511,11.8,15560.7,0.25,6231.25
36,185,0.7918125,0.5888888888888862,4828.617582798004,13.1,16564.2,12.0,15836.25
37,190,0.99995,0.5777777777777751,4999.604023694992,16.2,18321.1,14.25,19999.0
38,195,0.384475,0.5666666666666639,5149.669814348221,17.3,18534.6,0.75,7689.5
39,200,0.3218125,0.5555555555555527,5298.388961076736,18.5,19252.5,0.5,6436.25
40,205,0.4265125,0.5444444444444415,5456.104098558426,18.9,19677.6,1.0,8530.25
41,210,0.9965125,0.5333333333333303,5628.609833955765,19.1,19131.4,16.0,19930.25
42,215,0.99995,0.5222222222222191,5799.790893793106,16.9,18085.9,17.0,19999.0
43,220,0.9493,0.511111111111108,5983.20688867569,16.4,18954.5,15.25,18986.0
44,225,0.8016875,0.4999999999999968,6148.7717797756195,17.3,19125.4,12.0,16033.75
45,230,0.99995,0.4888888888888856,6333.993655920029,16.3,19060.8,12.5,19999.0
46,235,0.99995,0.4777777777777744,6507.763751506805,15.7,19082.4,13.0,19999.0
47,240,0.21085,0.46666666666666323,6610.37770986557,12.3,15758.1,0.0,4217.0
48,245,0.3329625,0.45555555555555205,6744.75594997406,13.2,15078.9,0.5,6659.25
49,250,0.3428875,0.44444444444444087,6897.086847305298,17.1,18202.2,0.5,6857.75
50,255,0.3247125,0.4333333333333297,6994.5659873485565,12.9,15620.3,0.5,6494.25
51,260,0.8985625,0.4222222222222185,7137.006078720093,10.1,13086.7,11.5,17971.25
52,265,0.99995,0.4111111111111073,7250.005851984024,8.8,12011.9,14.25,19999.0
53,270,0.2639,0.39999999999999614,7384.362288951874,10.7,13419.2,0.25,5278.0
54,275,0.34805,0.38888888888888495,7478.168615818024,12.1,14118.1,0.5,6961.0
55,280,0.3955375,0.37777777777777377,7614.424796104431,11.2,13844.1,0.75,7910.75
56,285,0.99995,0.3666666666666626,7778.561719655991,11.0,16823.5,19.75,19999.0
57,290,0.3400125,0.3555555555555514,7916.718620061874,10.2,17088.1,0.5,6800.25
58,295,0.99995,0.3444444444444402,8082.923108100891,13.1,17051.2,14.25,19999.0
59,300,0.2901375,0.33333333333332904,8210.340328216553,13.8,16432.7,0.25,5802.75
60,305,0.4266375,0.32222222222221786,8346.016554355621,13.1,16177.9,0.75,8532.75
61,310,0.866525,0.3111111111111067,8480.123795032501,11.1,14817.2,13.5,17330.5
62,315,0.99995,0.2999999999999955,8613.945327758789,9.7,12773.0,18.5,19999.0
63,320,0.324,0.2888888888888843,8716.659410715103,9.8,12329.1,0.5,6480.0
64,325,0.952025,0.2777777777777731,8850.024055242538,9.7,12472.6,16.0,19040.5
65,330,0.369125,0.26666666666666194,8996.053691148758,11.3,15078.5,0.75,7382.5
66,335,0.3076375,0.25555555555555076,9094.397473335266,10.5,14655.9,0.25,6152.75
67,340,0.328425,0.24444444444443966,9236.559687137604,11.1,14741.7,0.5,6568.5
68,345,0.325275,0.23333333333332862,9360.909421920776,13.7,16440.3,0.5,6505.5
69,350,0.3324375,0.22222222222221757,9520.939507246017,17.0,17573.0,0.5,6648.75
70,355,0.99995,0.21111111111110653,9666.510729551315,14.3,16939.5,15.25,19999.0
71,360,0.99995,0.1999999999999955,9842.413556337357,11.2,15810.6,15.25,19999.0
72,365,0.36,0.18888888888888444,9955.736291408539,11.5,15595.8,0.75,7200.0
73,370,0.88415,0.1777777777777734,10103.65684223175,9.1,14137.8,14.75,17683.0
74,375,0.364375,0.16666666666666236,10213.319474220276,9.3,13838.9,0.5,7287.5
75,380,0.378525,0.1555555555555513,10336.408280611038,10.2,13758.7,0.75,7570.5
76,385,0.2633,0.14444444444444027,10480.869535684586,12.5,16413.3,0.25,5266.0
77,390,0.4053,0.13333333333332922,10600.447462558746,11.8,16024.5,0.75,8106.0
78,395,0.85795,0.12222222222221815,10713.995236635208,9.1,12109.0,11.75,17159.0
79,400,0.32585,0.11111111111110704,10861.096326351166,11.3,14227.1,0.5,6517.0
80,405,0.383275,0.09999999999999593,11005.970537424088,14.9,17807.4,0.75,7665.5
81,410,0.27215,0.08888888888888481,11156.411378622055,14.4,18171.8,0.25,5443.0
82,415,0.8864125,0.0777777777777737,11312.266815900803,13.3,17323.8,13.75,17728.25
83,420,0.7569875,0.06666666666666259,11452.925662517548,11.7,15180.2,10.5,15139.75
84,425,0.446075,0.05555555555555147,11590.134338617325,11.0,15289.7,1.0,8921.5
85,430,0.367625,0.04444444444444036,11694.027543783188,10.2,13940.1,0.5,7352.5
86,435,0.2784125,0.033333333333329246,11777.944288015366,6.3,10831.0,0.5,5568.25
87,440,0.3855625,0.022222222222218133,11859.586263656616,5.5,9305.9,0.5,7711.25
88,445,0.37255,0.01111111111110702,12007.62439918518,10.9,13322.5,0.75,7451.0
89,450,0.99995,0.01,12163.517464637756,11.3,16750.6,15.0,19999.0
90,455,0.5744125,0.01,12278.837505340576,5.7,14056.6,4.75,11488.25
91,460,0.315425,0.01,12381.546058654785,5.2,12325.2,0.5,6308.5
92,465,0.32455,0.01,12509.749915361404,9.7,13839.0,0.5,6491.0
93,470,0.3757125,0.01,12613.177071094513,10.8,13670.8,0.75,7514.25
94,475,0.99995,0.01,12751.70113492012,7.8,12299.8,15.25,19999.0
95,480,0.3216,0.01,12841.78529214859,6.1,11472.0,0.5,6432.0
96,485,0.3421875,0.01,12996.671387672424,10.6,14580.6,0.5,6843.75
97,490,0.3199125,0.01,13073.27216887474,10.9,13739.4,0.5,6398.25
98,495,0.3057,0.01,13163.044503688812,5.6,9466.7,0.5,6114.0
99,500,0.3985125,0.01,13279.264303684235,8.1,11934.8,0.75,7970.25
