,episode,test_success_ratio,epsilon,time,train_score,train_mean_steps,test_score,test_mean_steps
0,10,0.18411,0.9959839357429714,144.1419985294342,7.3,10931.9,7.6,11046.6
1,20,0.11182,0.9919678714859428,279.4914984703064,11.5,11521.8,0.4,6709.2
2,30,0.19998333333333335,0.9879518072289142,446.47349882125854,9.3,11765.9,10.4,11999.0
3,40,0.10758000000000001,0.9839357429718856,595.5429992675781,7.6,10074.7,0.6,6454.8
4,50,0.19998333333333335,0.979919678714857,746.3199987411499,11.7,11976.5,11.2,11999.0
5,60,0.11276333333333334,0.9759036144578284,878.9974987506866,9.6,11188.0,0.6,6765.8
6,70,0.10774666666666667,0.9718875502007998,1017.6619997024536,10.6,11916.4,0.6,6464.8
7,80,0.09143666666666667,0.9678714859437711,1142.0639986991882,9.2,10706.6,0.4,5486.2
8,90,0.08376333333333334,0.9638554216867425,1260.29549908638,7.5,10237.1,0.4,5025.8
9,100,0.11433666666666667,0.9598393574297139,1394.8439981937408,10.7,11481.2,0.6,6860.2
10,110,0.19998333333333335,0.9558232931726853,1537.3009986877441,9.0,11240.2,7.8,11999.0
11,120,0.11040333333333333,0.9518072289156567,1677.7724993228912,10.9,12000.0,0.6,6624.2
12,130,0.19998333333333335,0.9477911646586281,1825.1199975013733,10.0,11709.2,9.2,11999.0
13,140,0.19998333333333335,0.9437751004015995,1975.1279973983765,10.2,11995.0,9.0,11999.0
14,150,0.19998333333333335,0.9397590361445709,2115.2184987068176,8.6,10999.6,8.8,11999.0
15,160,0.13885333333333336,0.9357429718875423,2251.679500102997,9.1,11408.4,5.2,8331.2
16,170,0.19998333333333335,0.9317269076305137,2394.152999162674,8.7,11330.7,6.6,11999.0
17,180,0.13218,0.9277108433734851,2530.0964982509613,9.1,11509.2,0.8,7930.8
18,190,0.09333,0.9236947791164565,2661.8479990959167,9.8,11441.3,0.2,5599.8
19,200,0.10454666666666668,0.9196787148594279,2801.686498641968,10.6,12000.0,0.6,6272.8
20,210,0.19998333333333335,0.9156626506023993,2948.796498775482,9.7,11724.0,8.8,11999.0
21,220,0.12872333333333333,0.9116465863453707,3090.7159979343414,9.5,12000.0,0.6,7723.4
22,230,0.11398,0.907630522088342,3219.1669986248016,10.4,10894.8,0.6,6838.8
23,240,0.10657,0.9036144578313134,3349.7504987716675,8.4,11156.0,0.4,6394.2
24,250,0.08655,0.8995983935742848,3487.0509989261627,10.5,12000.0,0.2,5193.0
25,260,0.12634666666666666,0.8955823293172562,3623.786498069763,8.1,11537.3,0.8,7580.8
26,270,0.12100333333333332,0.8915662650602276,3762.400499343872,9.4,11829.6,0.6,7260.2
27,280,0.14154,0.887550200803199,3893.758497953415,8.8,10963.6,0.8,8492.4
28,290,0.10590333333333334,0.8835341365461704,4020.157999753952,8.2,10841.2,0.4,6354.2
29,300,0.09612333333333332,0.8795180722891418,4153.014499664307,9.5,11559.1,0.4,5767.4
30,310,0.11711666666666666,0.8755020080321132,4281.978499412537,8.8,11068.9,0.6,7027.0
31,320,0.19998333333333335,0.8714859437750846,4421.8434998989105,9.1,11058.1,10.0,11999.0
32,330,0.12466666666666666,0.867469879518056,4545.422998666763,8.6,10329.0,0.8,7480.0
33,340,0.19998333333333335,0.8634538152610274,4687.646998882294,9.9,11311.6,9.6,11999.0
34,350,0.12740666666666667,0.8594377510039988,4810.750998497009,7.7,10298.5,0.8,7644.4
35,360,0.11317666666666668,0.8554216867469702,4934.362998723984,8.8,10512.6,0.4,6790.6
36,370,0.11770333333333333,0.8514056224899416,5062.198498725891,9.0,10837.3,0.6,7062.2
37,380,0.09273666666666666,0.847389558232913,5196.260499715805,9.3,11736.3,0.2,5564.2
38,390,0.11257,0.8433734939758843,5336.433498620987,10.4,12000.0,0.6,6754.2
39,400,0.19998333333333335,0.8393574297188557,5482.966500997543,9.0,11584.0,9.6,11999.0
40,410,0.18426,0.8353413654618271,5626.635004043579,9.3,11543.5,8.0,11055.6
41,420,0.09113666666666666,0.8313253012047985,5757.881500482559,9.0,11445.7,0.2,5468.2
42,430,0.12715,0.8273092369477699,5887.520998716354,9.9,10838.1,0.6,7629.0
43,440,0.09173333333333333,0.8232931726907413,6018.807497739792,8.8,11316.4,0.4,5504.0
44,450,0.08867666666666667,0.8192771084337127,6131.102998495102,6.7,9608.1,0.2,5320.6
45,460,0.11107666666666667,0.8152610441766841,6264.042498350143,10.0,11272.4,0.6,6664.6
46,470,0.09666000000000001,0.8112449799196555,6393.178498983383,9.6,11045.1,0.4,5799.6
47,480,0.13145,0.8072289156626269,6527.1839990615845,9.3,11222.2,0.8,7887.0
48,490,0.11536333333333333,0.8032128514055983,6667.2529990673065,10.6,12000.0,0.6,6921.8
49,500,0.13233666666666666,0.7991967871485697,6797.233498334885,9.5,10886.7,0.8,7940.2
50,510,0.10191333333333334,0.7951807228915411,6923.918497800827,8.2,10646.5,0.4,6114.8
51,520,0.08970666666666666,0.7911646586345125,7051.468498945236,8.9,10936.6,0.4,5382.4
52,530,0.18183333333333335,0.7871485943774839,7185.007497787476,7.4,10795.2,7.4,10910.0
53,540,0.12405666666666666,0.7831325301204553,7318.892998218536,9.8,11281.8,0.8,7443.4
54,550,0.13754666666666665,0.7791164658634266,7452.069999217987,10.3,11069.4,0.8,8252.8
55,560,0.12655,0.775100401606398,7576.642498254776,8.9,10397.9,0.8,7593.0
56,570,0.08661333333333333,0.7710843373493694,7706.553998470306,8.3,11236.0,0.2,5196.8
57,580,0.13439666666666666,0.7670682730923408,7839.918498754501,9.3,11032.4,0.6,8063.8
58,590,0.14471333333333333,0.7630522088353122,7963.6454973220825,9.6,9976.6,5.6,8682.8
59,600,0.08884666666666667,0.7590361445782836,8091.0359988212585,9.1,10964.9,0.2,5330.8
60,610,0.19998333333333335,0.755020080321255,8237.490498542786,9.7,11554.2,10.0,11999.0
61,620,0.13465333333333332,0.7510040160642264,8357.99900007248,8.3,9846.9,0.8,8079.2
62,630,0.12614,0.7469879518071978,8492.474498987198,9.3,11236.3,0.8,7568.4
63,640,0.08368,0.7429718875501692,8627.309499025345,10.3,11686.3,0.2,5020.8
64,650,0.06656,0.7389558232931406,8755.168498516083,11.2,11194.9,0.0,3993.6
65,660,0.10458333333333333,0.734939759036112,8895.570499420166,10.2,12000.0,0.6,6275.0
66,670,0.18862,0.7309236947790834,9033.557499408722,8.8,10838.6,8.6,11317.2
67,680,0.11373333333333334,0.7269076305220548,9172.634498596191,8.1,11744.3,0.6,6824.0
68,690,0.19838999999999998,0.7228915662650262,9316.619998216629,9.8,11251.4,9.4,11903.4
69,700,0.10268999999999999,0.7188755020079975,9457.48749756813,9.6,12000.0,0.4,6161.4
70,710,0.10906333333333333,0.7148594377509689,9591.126998662949,9.3,11278.5,0.4,6543.8
71,720,0.10131000000000001,0.7108433734939403,9720.337998867035,9.7,10911.2,0.4,6078.6
72,730,0.17399666666666666,0.7068273092369117,9869.113998651505,9.6,12000.0,6.6,10439.8
73,740,0.08441333333333334,0.7028112449798831,10006.434497833252,9.1,11819.2,0.4,5064.8
74,750,0.07153,0.6987951807228545,10132.335499286652,8.8,10854.5,0.0,4291.8
75,760,0.10529,0.6947791164658259,10261.366498708725,9.2,10835.9,0.4,6317.4
76,770,0.12158666666666666,0.6907630522087973,10399.00099849701,9.6,11527.0,0.8,7295.2
77,780,0.10920333333333333,0.6867469879517687,10524.10649895668,7.1,10465.3,0.6,6552.2
78,790,0.11865666666666666,0.6827309236947401,10665.918998479843,7.9,11938.4,0.6,7119.4
79,800,0.19998333333333335,0.6787148594377115,10815.298498868942,9.1,11821.4,12.2,11999.0
80,810,0.11670333333333333,0.6746987951806829,10939.570497989655,8.3,10288.8,0.8,7002.2
81,820,0.07536333333333334,0.6706827309236543,11074.491498947144,8.4,11667.6,0.2,4521.8
82,830,0.08762,0.6666666666666257,11197.46799826622,7.8,10385.3,0.4,5257.2
83,840,0.13596,0.6626506024095971,11331.341001987457,9.7,10982.5,1.0,8157.6
84,850,0.10948999999999999,0.6586345381525684,11464.099016189575,11.4,11073.7,0.6,6569.4
85,860,0.07948000000000001,0.6546184738955398,11588.795533418655,7.0,10713.8,0.0,4768.8
86,870,0.10127333333333333,0.6506024096385112,11716.851498365402,8.6,10760.6,0.4,6076.4
87,880,0.19998333333333335,0.6465863453814826,11849.308499097824,6.9,10102.8,8.6,11999.0
88,890,0.09712666666666667,0.642570281124454,11973.575498580933,8.9,10448.5,0.4,5827.6
89,900,0.11632666666666668,0.6385542168674254,12111.853998184204,11.2,11572.0,0.6,6979.6
90,910,0.19998333333333335,0.6345381526103968,12258.403998374939,11.1,11413.6,7.6,11999.0
91,920,0.1723633333333333,0.6305220883533682,12403.904998540878,11.4,11510.0,7.0,10341.8
92,930,0.12346,0.6265060240963396,12535.103499412537,7.9,10772.3,0.6,7407.6
93,940,0.10112,0.622489959839311,12671.157498598099,10.9,11385.4,0.4,6067.2
94,950,0.09348000000000001,0.6184738955822824,12807.960499048233,8.2,11559.3,0.2,5608.8
95,960,0.19998333333333335,0.6144578313252538,12932.97649884224,7.9,9412.6,8.8,11999.0
96,970,0.19998333333333335,0.6104417670682252,13067.107997894287,8.7,10194.8,11.0,11999.0
97,980,0.11620333333333333,0.6064257028111966,13186.48099899292,7.1,9753.8,0.6,6972.2
98,990,0.12537,0.602409638554168,13322.049501180649,9.7,11080.4,0.8,7522.2
99,1000,0.19655,0.5983935742971394,13460.620998859406,9.6,10679.1,10.0,11793.0
100,1010,0.10104333333333335,0.5943775100401107,13593.289499282837,11.8,11101.0,0.4,6062.6
101,1020,0.19183333333333333,0.5903614457830821,13730.549998283386,7.1,10620.5,10.4,11510.0
102,1030,0.19998333333333335,0.5863453815260535,13876.958998918533,8.8,11342.8,10.6,11999.0
103,1040,0.11255666666666667,0.5823293172690249,14020.829998731613,10.9,12000.0,0.6,6753.4
104,1050,0.19998333333333335,0.5783132530119963,14168.02599811554,10.3,11390.4,8.2,11999.0
105,1060,0.10818,0.5742971887549677,14304.918999195099,9.7,11471.0,0.4,6490.8
106,1070,0.11543333333333333,0.5702811244979391,14433.458997964859,9.3,10648.6,0.6,6926.0
107,1080,0.09290666666666667,0.5662650602409105,14571.622998476028,10.0,11657.9,0.4,5574.4
108,1090,0.13086333333333333,0.5622489959838819,14704.571498394012,9.3,10832.7,0.8,7851.8
109,1100,0.10298666666666666,0.5582329317268533,14828.047498226166,8.8,10331.4,0.4,6179.2
110,1110,0.10597333333333332,0.5542168674698247,14970.964998483658,9.4,12000.0,0.4,6358.4
111,1120,0.1970633333333333,0.5502008032127961,15112.575496912003,7.2,10855.9,9.4,11823.8
112,1130,0.11594333333333334,0.5461847389557675,15254.932533025742,9.1,11764.3,0.6,6956.6
113,1140,0.11166666666666666,0.5421686746987389,15390.94849896431,9.7,11259.0,0.6,6700.0
114,1150,0.09510333333333333,0.5381526104417103,15508.798998832703,7.0,9750.8,0.4,5706.2
115,1160,0.10560666666666665,0.5341365461846816,15646.954999446869,9.3,11363.4,0.6,6336.4
116,1170,0.09881000000000001,0.530120481927653,15779.687498092651,8.5,11062.7,0.4,5928.6
117,1180,0.09193333333333334,0.5261044176706244,15916.242999076843,11.3,11488.6,0.2,5516.0
118,1190,0.13417666666666667,0.5220883534135958,16057.77249789238,9.4,11530.0,0.8,8050.6
119,1200,0.19998333333333335,0.5180722891565672,16212.001998662949,10.2,12000.0,10.0,11999.0
120,1210,0.11252666666666668,0.5140562248995386,16335.872498512268,8.0,10146.0,0.6,6751.6
121,1220,0.19998333333333335,0.51004016064251,16483.04749941826,9.2,11328.0,10.0,11999.0
122,1230,0.12475666666666665,0.5060240963854814,16617.707003355026,10.1,10967.1,0.8,7485.4
123,1240,0.11563333333333334,0.5020080321284528,16748.010498523712,9.9,10696.1,0.6,6938.0
124,1250,0.12948,0.4979919678714245,16869.774500131607,5.9,9787.1,0.6,7768.8
125,1260,0.11778333333333334,0.49397590361439647,17012.27250623703,9.8,11556.3,0.6,7067.0
126,1270,0.09592666666666667,0.4899598393573684,17137.744999170303,8.6,10484.6,0.2,5755.6
127,1280,0.0969,0.48594377510034037,17265.527998685837,7.6,10615.0,0.4,5814.0
128,1290,0.10465666666666666,0.4819277108433123,17400.429498434067,10.6,11221.5,0.4,6279.4
129,1300,0.09021000000000001,0.47791164658628427,17541.7294986248,9.7,11909.8,0.4,5412.6
130,1310,0.10002333333333333,0.4738955823292562,17675.741998910904,8.9,11118.9,0.4,6001.4
131,1320,0.19998333333333335,0.46987951807222816,17829.738998889923,10.9,11935.3,7.2,11999.0
132,1330,0.10199333333333334,0.4658634538152001,17960.36349773407,8.9,10833.4,0.4,6119.6
133,1340,0.19998333333333335,0.46184738955817206,18090.41999936104,6.2,9804.8,9.2,11999.0
134,1350,0.17181333333333332,0.457831325301144,18232.648498773575,9.4,11134.7,8.6,10308.8
135,1360,0.13579333333333335,0.45381526104411596,18373.367998838425,8.0,11366.1,0.8,8147.6
136,1370,0.19998333333333335,0.4497991967870879,18521.685498952866,10.5,11418.5,12.0,11999.0
137,1380,0.12990666666666667,0.44578313253005986,18658.659997940063,8.8,11213.1,1.0,7794.4
138,1390,0.09942,0.4417670682730318,18782.284497976303,7.5,10162.6,0.4,5965.2
139,1400,0.19998333333333335,0.43775100401600375,18927.843999147415,10.0,11111.1,9.8,11999.0
140,1410,0.19998333333333335,0.4337349397589757,19077.4089987278,9.3,11458.9,7.8,11999.0
141,1420,0.12928666666666666,0.42971887550194765,19208.76699900627,7.8,10601.7,0.8,7757.2
142,1430,0.19998333333333335,0.4257028112449196,19364.307998418808,10.0,12000.0,8.6,11999.0
143,1440,0.08757666666666668,0.42168674698789155,19495.40899705887,9.5,10911.0,0.2,5254.6
144,1450,0.14582666666666666,0.4176706827308635,19625.673998355865,7.8,10272.9,1.0,8749.6
145,1460,0.19998333333333335,0.41365461847383544,19778.71599984169,9.8,11800.6,6.8,11999.0
146,1470,0.09944666666666667,0.4096385542168074,19900.93199825287,7.2,10050.9,0.4,5966.8
147,1480,0.11392333333333332,0.40562248995977934,20035.03950071335,8.7,10890.8,0.6,6835.4
148,1490,0.10123333333333333,0.4016064257027513,20179.567499637604,10.6,11674.8,0.4,6074.0
149,1500,0.12578999999999999,0.39759036144572324,20310.219998836517,8.6,10587.5,0.6,7547.4
150,1510,0.11813666666666667,0.3935742971886952,20457.068999052048,10.4,12000.0,0.6,7088.2
151,1520,0.12681666666666666,0.38955823293166714,20598.64499926567,8.7,11574.5,0.6,7609.0
152,1530,0.11066333333333334,0.3855421686746391,20712.761998653412,6.4,9108.8,0.6,6639.8
153,1540,0.10929,0.38152610441761103,20853.091498613358,9.7,11479.8,0.6,6557.4
154,1550,0.19998333333333335,0.377510040160583,20999.80599808693,10.4,11096.8,7.6,11999.0
155,1560,0.19998333333333335,0.37349397590355493,21156.80999994278,12.9,12000.0,9.8,11999.0
156,1570,0.13427333333333333,0.3694779116465269,21300.28849887848,10.3,11481.7,0.8,8056.4
157,1580,0.19998333333333335,0.36546184738949883,21438.849999427795,8.1,10359.0,10.0,11999.0
158,1590,0.10300333333333334,0.3614457831324708,21573.212998390198,8.5,11011.3,0.4,6180.2
159,1600,0.07458000000000001,0.3574297188754427,21706.5264980793,8.3,11115.4,0.0,4474.8
160,1610,0.09311000000000001,0.3534136546184147,21841.595499038696,9.4,11197.8,0.2,5586.6
161,1620,0.13385,0.3493975903613866,21983.969999551773,10.1,11454.5,0.8,8031.0
162,1630,0.19998333333333335,0.34538152610435857,22136.91549873352,8.6,11720.4,8.2,11999.0
163,1640,0.12883999999999998,0.3413654618473305,22285.199013233185,13.0,12000.0,0.8,7730.4
164,1650,0.19258666666666668,0.33734939759030247,22417.65199828148,8.6,9919.5,5.8,11555.2
165,1660,0.10628666666666667,0.3333333333332744,22549.736998796463,10.3,10769.1,0.6,6377.2
166,1670,0.10750333333333333,0.32931726907624637,22682.811498641968,6.9,10832.1,0.4,6450.2
167,1680,0.12958,0.3253012048192183,22822.0324985981,10.8,11190.6,0.6,7774.8
168,1690,0.19998333333333335,0.32128514056219026,22967.974998235703,9.4,11026.1,11.6,11999.0
169,1700,0.10760666666666666,0.3172690763051622,23083.809498786926,6.3,9283.3,0.4,6456.4
170,1710,0.10308666666666666,0.31325301204813416,23196.6079993248,6.6,9049.5,0.4,6185.2
171,1720,0.19998333333333335,0.3092369477911061,23340.91899752617,7.8,10874.8,8.6,11999.0
172,1730,0.13244666666666666,0.30522088353407806,23481.936003923416,9.5,11251.6,0.8,7946.8
173,1740,0.11033,0.30120481927705,23618.573998212814,8.6,11039.0,0.4,6619.8
174,1750,0.08321666666666666,0.29718875502002196,23750.59349822998,9.0,10856.7,0.2,4993.0
175,1760,0.08889333333333334,0.2931726907629939,23896.70099902153,9.8,12000.0,0.4,5333.6
176,1770,0.10306000000000001,0.28915662650596585,24034.859498262405,9.3,11210.3,0.4,6183.6
177,1780,0.19998333333333335,0.2851405622489378,24175.61899828911,7.7,10462.3,9.0,11999.0
178,1790,0.09573333333333334,0.28112449799190975,24309.42099881172,8.8,10873.2,0.4,5744.0
179,1800,0.09634,0.2771084337348817,24436.68800330162,8.6,10268.5,0.2,5780.4
180,1810,0.12163333333333333,0.27309236947785365,24581.777499198914,10.5,11636.8,0.6,7298.0
181,1820,0.10714,0.2690763052208256,24705.042998552322,7.8,9837.7,0.6,6428.4
182,1830,0.13625,0.26506024096379754,24846.604498386383,9.2,11200.1,0.8,8175.0
183,1840,0.10703666666666667,0.2610441767067695,24965.88649916649,6.1,9473.9,0.4,6422.2
184,1850,0.09382333333333333,0.25702811244974144,25099.688998937607,7.6,10827.1,0.4,5629.4
185,1860,0.09027333333333333,0.2530120481927134,25222.697499513626,7.0,9943.2,0.2,5416.4
186,1870,0.10267333333333332,0.24899598393568534,25358.437999248505,7.9,10953.4,0.4,6160.4
187,1880,0.10907,0.2449799196786573,25499.661999702454,9.3,11335.7,0.6,6544.2
188,1890,0.10220666666666665,0.24096385542162924,25642.440997600555,9.3,11498.9,0.4,6132.4
189,1900,0.12139333333333334,0.23694779116460118,25766.75899720192,8.0,9732.3,0.6,7283.6
190,1910,0.1084,0.23293172690757313,25903.891498804092,8.7,10989.9,0.6,6504.0
191,1920,0.1191,0.22891566265054508,26041.777999162674,9.3,10915.6,0.6,7146.0
192,1930,0.18677333333333332,0.22489959839351703,26198.765498399734,9.3,11814.6,8.8,11206.4
193,1940,0.11935333333333333,0.22088353413648898,26332.00349855423,7.1,10516.0,0.6,7161.2
194,1950,0.13616333333333333,0.21686746987946093,26474.134498357773,8.8,11201.1,0.8,8169.8
195,1960,0.18206666666666665,0.21285140562243288,26605.45449900627,7.9,9722.1,9.0,10924.0
196,1970,0.14995,0.20883534136540483,26749.80499792099,9.4,11222.0,1.0,8997.0
197,1980,0.09401000000000001,0.20481927710837677,26894.672498464584,11.4,11738.7,0.4,5640.6
198,1990,0.13487,0.20080321285134872,27032.0655002594,6.9,10727.5,0.8,8092.2
199,2000,0.10501333333333333,0.19678714859432067,27149.88099861145,8.0,9351.2,0.4,6300.8
200,2010,0.13424,0.19277108433729262,27299.56499838829,9.2,11600.7,0.8,8054.4
201,2020,0.17167666666666667,0.18875502008026457,27445.751999139786,7.6,10882.6,6.4,10300.6
202,2030,0.10532666666666668,0.18473895582323652,27591.160014629364,10.5,11521.3,0.4,6319.6
203,2040,0.19998333333333335,0.18072289156620847,27720.402998924255,6.6,9338.1,6.8,11999.0
204,2050,0.08315,0.17670682730918041,27856.268000364304,6.1,11072.8,0.2,4989.0
205,2060,0.13310333333333332,0.17269076305215236,27995.440497398376,9.7,10894.0,0.8,7986.2
206,2070,0.12441,0.1686746987951243,28127.087998628616,9.7,10329.4,0.8,7464.6
207,2080,0.19998333333333335,0.16465863453809626,28279.356999635696,7.5,11347.5,8.6,11999.0
208,2090,0.07932,0.1606425702810682,28406.688997983932,7.6,10223.2,0.2,4759.2
209,2100,0.19998333333333335,0.15662650602404016,28554.3965215683,7.5,10878.5,7.2,11999.0
210,2110,0.09687,0.1526104417670121,28685.34299850464,8.5,10473.9,0.4,5812.2
211,2120,0.18352333333333332,0.14859437750998405,28836.75399875641,10.5,11401.3,9.6,11011.4
212,2130,0.11101333333333334,0.144578313252956,28969.8234975338,9.0,10519.3,0.6,6660.8
213,2140,0.10016333333333334,0.14056224899592795,29112.767499685287,10.5,11476.6,0.4,6009.8
214,2150,0.08308666666666667,0.1365461847388999,29237.214999198914,7.6,10049.9,0.2,4985.2
215,2160,0.10998000000000001,0.13253012048187185,29375.57799935341,10.1,10955.3,0.6,6598.8
216,2170,0.09859,0.1285140562248438,29506.040498495102,7.2,10381.8,0.2,5915.4
217,2180,0.09609333333333334,0.12449799196781575,29637.519498109818,7.2,10483.5,0.4,5765.6
218,2190,0.09183000000000001,0.1204819277107877,29773.336498498917,8.5,10886.2,0.2,5509.8
219,2200,0.09590666666666665,0.11646586345375964,29909.866500139236,9.7,10931.2,0.4,5754.4
220,2210,0.12396666666666667,0.11244979919673159,30036.797998905182,6.2,9857.0,0.6,7438.0
221,2220,0.11157333333333333,0.10843373493970354,30174.4189991951,9.0,10821.2,0.6,6694.4
222,2230,0.18936333333333333,0.10441767068267549,30313.156498908997,7.7,10147.0,10.8,11361.8
223,2240,0.19998333333333335,0.10040160642564744,30453.153998851776,7.9,10174.7,5.8,11999.0
224,2250,0.19998333333333335,0.09638554216861939,30575.587997436523,6.5,8687.3,6.2,11999.0
225,2260,0.19739666666666666,0.09236947791159134,30724.659002304077,9.1,10947.1,9.0,11843.8
226,2270,0.19998333333333335,0.08835341365456328,30878.618999004364,9.2,11271.9,9.4,11999.0
227,2280,0.11921666666666667,0.08433734939753523,31010.9284992218,8.2,10362.0,0.6,7153.0
228,2290,0.19998333333333335,0.08032128514050718,31161.57049894333,8.0,11038.5,9.2,11999.0
229,2300,0.06563666666666666,0.07630522088347913,31298.0109975338,8.8,11078.4,0.0,3938.2
230,2310,0.10947333333333333,0.07228915662645108,31430.533001184464,7.7,10355.1,0.4,6568.4
231,2320,0.19998333333333335,0.06827309236942303,31573.814499378204,6.3,10410.1,9.6,11999.0
232,2330,0.09285666666666666,0.06425702811239498,31699.560999155045,7.8,9965.4,0.2,5571.4
233,2340,0.10807333333333333,0.06024096385536688,31831.333498239517,7.9,10293.8,0.6,6484.4
234,2350,0.12265666666666666,0.05622489959833876,31962.952999830246,7.6,10164.8,0.6,7359.4
235,2360,0.11697333333333333,0.05220883534131064,32084.696000099182,7.5,9417.5,0.6,7018.4
236,2370,0.08697666666666667,0.04819277108428252,32185.681020498276,3.1,7828.8,0.2,5218.6
237,2380,0.15749,0.0441767068272544,32318.377006053925,6.5,9828.3,4.6,9449.4
238,2390,0.09853666666666666,0.04016064257022628,32451.545498132706,8.4,10612.8,0.4,5912.2
239,2400,0.10792,0.03614457831319816,32598.144499778748,10.0,11605.3,0.6,6475.2
240,2410,0.12670333333333333,0.03212851405617004,32746.589498519897,10.2,11627.6,0.8,7602.2
241,2420,0.17655333333333334,0.028112449799141917,32896.95299887657,8.1,11307.9,8.6,10593.2
242,2430,0.07801333333333334,0.024096385542113796,33022.70099854469,7.3,10141.9,0.2,4680.8
243,2440,0.10019333333333334,0.020080321285085675,33155.13999724388,8.1,10537.9,0.4,6011.6
244,2450,0.12290333333333334,0.02,33292.87449836731,7.7,10737.7,0.6,7374.2
245,2460,0.10601666666666666,0.02,33436.061999320984,7.8,11300.7,0.4,6361.0
246,2470,0.11749333333333334,0.02,33548.45249795914,5.1,8644.6,0.6,7049.6
247,2480,0.11893000000000001,0.02,33660.56249833107,5.3,8622.3,0.6,7135.8
248,2490,0.19998333333333335,0.02,33782.50699925423,5.7,8582.5,11.2,11999.0
249,2500,0.09450333333333333,0.02,33922.34349870682,10.3,11789.4,0.4,5670.2
